121.89992101662386
122.89518346680521
123.9720009776196
52.56055894655841
125.99299617046643
126.90131309346411
127.91374369912737
128.92370069669676
129.7483256060505
130.72959086065126
131.82873977715983
132.9005179341906
133.73158986512752
134.71077946769825
135.74100403985247
136.5571233333271
137.53622806546218
138.5616112875332
139.67382689158114
140.50526883946773
35.37076673761808
142.6112812040507
143.41034494813778
144.43698615866236
145.461450936567
146.47189169571132
147.43893016364845
148.39770328356394
149.4542431546402
150.29469458946215
151.23550102628167
152.34750760741002
153.37591614762115
154.42940127808623
155.2789391317654
156.39633774669957
157.31335482357125
158.26087911472086
159.33342191958377
160.24163669583612
