121.488648506491
122.450413618693
123.45134792568
124.445132245514
125.458757672154
126.463048216673
127.482493203832
128.481853995825
129.485434604034
130.455339436151
131.47705008104
132.490836349854
133.484467042365
134.467374575257
135.474369998116
136.467254870215
137.504815122631
138.465963011797
139.498732755586
140.430914628769
141.473337428915
142.499945984736
143.499516715239
144.462251830206
145.452035442707
146.465138376806
147.455271567446
148.463745124239
149.449086967823
150.475287889851
151.477350658857
152.487849802862
153.473935815994
154.459138467628
155.472550439157
156.432683908023
157.483384824945
158.483356941147
159.49922135546
160.521847741725
