160.52184774172525
159.49922135545987
158.48335694114738
157.4833848249449
156.43268390802325
155.47255043915695
154.45913846762787
153.47393581599428
152.48784980286217
151.47735065885672
150.47528788985147
149.44908696782267
148.46374512423924
147.45527156744586
146.46513837680624
145.45203544270709
144.46225183020582
143.49951671523863
142.49994598473617
141.47333742891524
140.4309146287685
139.49873275558605
138.46596301179693
137.5048151226307
136.46725487021527
135.47436999811623
134.4673745752567
133.48446704236525
132.49083634985362
131.47705008104035
130.45533943615052
129.48543460403383
128.48185399582545
127.4824932038317
126.46304821667273
125.45875767215414
124.44513224551366
123.45134792567961
122.45041361869254
121.48864850649124
