64.30750849935427
65.37219945819467
66.36160991570466
67.33691300226177
10.65768624072302
9.679615881710653
8.598240245473404
7.593074133161078
171.21455091779424
5.605633574493056
4.657343289176031
3.6614237319807605
2.682758497591866
0.43707570341824503
1.1664771160655756
1.8699529288499264
2.389826890292842
2.3012187571470344
3.2607339474508397
4.265276075780548
5.200699407122436
6.192319465394946
7.198600188406068
8.182169263531037
9.244429117545641
10.252820751162417
11.244009605613527
12.248874813716682
13.19632415176877
14.201160857917705
15.201137794450835
16.25108668209678
17.25643233049338
18.285983795227853
19.275563525388794
20.204425614000154
21.194412146291178
22.197319074362216
23.233071497906064
24.275964413281883
25.26426176971837
26.25496283683468
27.20520696075908
28.212583450476902
29.229591964771696
30.257537445325873
31.320092036056366
32.305876996486255
33.290804155166555
34.25412160560181
35.24143227557266
36.252314441262094
37.24561251102662
38.307324143497944
39.31182255253811
40.288329571653435
41.29317029926125
42.25699944582958
43.23243889409856
44.25062903101442
45.30824249463414
46.3230537342793
47.33588175166315
48.30616939021121
49.2485274786442
50.27246531105601
51.248292614645315
52.303032038972084
53.30936073759093
54.31581317897871
55.31193867670168
56.25008373931968
57.24044188604498
58.2466875992771
59.276820336296026
60.32855527576774
61.329495679313254
62.31309338468315
63.25129633659066
