135.62547492877488
48.98557164216001
47.985338850724325
138.63162391092078
124.99130055588495
123.98376850889088
122.98542444868498
63.649695622967826
121.00029720282933
121.71186761652075
120.70708168855182
119.70284772019518
116.98115770887108
117.70173540784602
114.99068396268419
115.69692380638853
112.99334113112388
111.98869174910057
67.29353375745367
109.99138268767787
110.70023100632325
107.99953943959252
76.94571524173783
79.64930535116149
104.97432333690341
81.64585460592596
104.68503933467058
101.9797279234314
100.98348926736581
85.65863449583797
84.95524576808911
85.92920769364336
88.6477859212298
82.32394857585557
94.97616963470425
95.6734576271397
92.65075135137042
93.64607995634677
92.94168336561802
91.66379345495794
90.67508576902885
89.66964158920273
86.9573798137587
87.68356208163428
84.9745998432874
101.64273911397086
102.64165827677753
103.63587271854433
80.97824024628454
79.9766203934045
78.98604511918496
105.9436817788989
108.64670410654394
103.97036297921132
74.99078164648176
109.90901356566343
74.71149831425227
73.7115518200283
71.00252910587031
115.62424211425099
70.74443044184031
69.8231662423964
116.79818184989206
66.11040963876279
120.51501824535723
64.10413028261156
64.82619468439458
63.81631675263655
122.81207016077525
60.10617309846395
60.82025885015617
59.80553037350903
58.74410397027384
129.5962086397503
128.92062032270033
54.01679487382851
54.73333096781141
53.731503487417456
52.73111819819335
