107.41826291645371
108.37617977513455
109.34182179682936
110.36713192485409
33.57293864463519
34.58311893496663
35.512311924031216
36.56678549148191
37.56457054583812
38.57042251809198
39.57431823603335
40.546514090802376
41.57354610452591
42.541724625580905
43.57886823673783
44.51898712276162
45.537959769415785
46.57299687099677
47.56592835088754
48.53439621434142
49.58897859583604
50.571783278323615
51.59132863565869
52.56782223425585
53.548530132821746
54.55210938304732
55.53182254334956
56.512206244904824
57.54815749042372
58.53014478800383
59.511049354639034
60.56900792834585
61.544858008219904
62.530323755161625
63.62988636170385
64.58459097240646
65.54947201745415
66.577266930016
67.56182612816981
68.53382018537145
69.51859415676233
70.5046374559752
71.56505117707799
72.56853423535985
73.55142767734303
74.54662093243984
75.55161576592951
76.49651308838204
77.53052777519879
78.52556396656541
79.55201057703604
80.56234197584017
81.52423989539275
82.56205132563686
83.51873832662505
84.54048541252983
85.56917217807678
86.56509042818824
87.55788654253578
88.54308530685276
89.51014443443167
90.57520578071274
91.5249859330806
92.54540235668003
93.53976716664593
94.54856914445564
95.51472246565302
96.55634242241278
97.50027334753358
98.5280552279214
99.54767507548337
100.49840615985805
101.53716321828317
102.5406274017316
103.50962840196341
104.54439617681219
105.5110814928738
106.5063837520943
107.5619918645433
