105.9613296069403
104.95584700192236
103.96652267037334
102.98210370419437
178.95639549514618
0.0787312936143616
178.91133973767953
177.993613994012
176.94162215788717
175.9407911738022
174.94555758458398
173.99567621782506
172.97750454818677
171.97766469171367
170.93315376751747
169.98145644490222
168.94902878821466
167.93830066435405
166.98345754093918
166.01106930374158
164.98080549335205
163.97616634640653
162.95332851041832
161.98197662891417
160.93608086008823
159.97735215334944
158.96085661952796
157.9629541813932
156.95197162495577
155.95318201159665
154.9564934765413
153.93946573443895
152.94410095415432
151.9259802674417
150.9616550893899
149.96557314108634
148.94783928373147
147.95263152141632
146.97358024295386
145.96519007409773
144.96400332303386
143.93917912518683
142.9451699187932
141.96487656804223
140.96285626100834
139.94348045408307
138.95144372581592
137.95616506217613
136.95717056636127
135.95265861711866
134.95981336545444
133.94985162872987
132.96900571974152
131.9548635374083
130.95136843202732
129.9516940782399
128.9437819504594
127.93396898576076
126.94513758943316
125.97106338686672
124.94739698418407
123.92393207940191
122.98330497879783
121.96589325131016
120.96259275427433
119.9698910004278
118.95384334840209
117.95558474529975
116.94740517427117
115.9673795202414
114.96588865204903
113.962426711243
112.94143753261326
111.94692929891043
110.94621043244462
109.97923356070471
108.96981546028184
107.97274722777517
106.95541810918083
