140.83970524492628
141.86563984227894
142.85155392767302
143.83434306128927
67.01906817296612
68.02613464817863
69.02895743376534
70.00801689010302
71.03633708795776
72.04655987444733
73.04988165385812
74.02934663864546
75.03915777486554
76.04263685219816
77.04244373065978
78.03326298167171
79.02035758892912
80.03159366373212
81.02019841389043
82.05036665410297
83.05749349744264
84.04575015432825
85.03789667526219
86.04608687689097
87.03796503220492
88.05401791281115
89.04601303892866
90.04705189657822
91.05932148073249
92.04654329581447
93.01968307798046
94.04494726631455
95.04144376325446
96.03588363552532
97.04193348496882
98.03456031837023
99.03604040270437
100.05106921315081
101.04960993742654
102.03441681121822
103.02538235262385
104.03689520477526
105.03890369026914
106.03464649553196
107.03867395263217
108.04080382697968
109.01378935406208
110.04059041128139
111.03567709485993
112.01991908388798
113.02005983989999
114.03493298502593
115.02333757617345
116.06014207725225
117.05781379759263
118.05067862011859
119.0421035613507
120.06185818882447
121.05326741702669
122.06226615429583
123.04777120872512
124.02858887730773
125.04592325661721
126.01721806618647
127.05741584472553
128.05626987911057
129.02910129511812
130.0555106683077
131.04424215340313
132.05767449852473
133.06259297649277
134.0347888907503
135.0357621130084
136.0345398047569
137.0447960881769
138.0521297036813
139.0624336606542
140.05213311371048
141.05848955584682
