117.53237169442163
118.51488467292131
119.51320748682491
59.471748661982566
43.739947475669695
44.74616767711092
45.755864704824525
46.76908265970834
47.757539613989685
48.74295077366579
49.722703595131534
50.755539358871
51.75052759229911
52.73360056421957
53.753865387091885
54.734137545008075
55.73645811899358
56.74200776554696
57.74563431662904
58.74718923546322
59.718221639416335
60.731180728449424
61.737836664409194
62.7435831545119
63.75779131489509
64.7339821352986
65.73601258354728
66.73031707769391
67.75534470591872
68.74210828858891
69.7218866608215
70.74324294267694
71.74430149359216
72.7340987588849
73.72530194037016
74.72975018925821
75.69206684457184
76.71717409224668
77.73651565977346
78.7421060721575
79.72970826861261
80.71217911287602
81.72978115011523
82.740855554495
83.74323054060265
84.7299833359552
85.74115387782966
86.74375285899825
87.73455039347435
88.73633673674729
89.72696993553537
90.74214410437541
91.7148388370327
92.720046545969
93.71723396564019
94.73401902169579
95.73016558754871
96.74057148098875
97.73397082932826
98.74289968485594
99.74356353393267
100.72923120372164
101.71148350323514
102.72068832758498
103.73355755762542
104.71044427827688
105.71420510578452
106.73904764927268
107.733141789129
108.71183390488994
109.73059637952284
110.7384046694679
111.68621192686949
112.71305308825707
113.71410228073819
114.7182751050661
115.70398845176787
116.73357100137903
117.71197816111707
