85.47363511901548
84.44605995085233
83.46209587298405
82.46884871341982
160.52184774172525
159.49922135545987
158.48335694114738
157.4833848249449
156.43268390802325
155.47255043915695
154.45913846762787
153.47393581599428
152.48784980286217
151.47735065885672
150.47528788985147
149.44908696782267
148.46374512423924
147.45527156744586
146.46513837680624
145.45203544270709
144.46225183020582
143.49951671523863
142.49994598473617
141.47333742891524
140.4309146287685
139.49873275558605
138.46596301179693
137.5048151226307
136.46725487021527
135.47436999811623
134.4673745752567
133.48446704236525
132.49083634985362
131.47705008104035
130.45533943615052
129.48543460403383
128.48185399582545
127.4824932038317
126.46304821667273
125.45875767215414
124.44513224551366
123.45134792567961
122.45041361869254
121.48864850649124
120.4598607835017
119.47620375356021
118.48784107930402
117.46822412736373
116.44713369357979
115.4388484508321
114.4677092481737
113.44948995202189
112.46542598734786
111.46808233810862
110.47457084969753
109.46342513379808
108.45354860419332
107.48216298974559
106.4701626293563
105.4822669462233
75.58701411967687
103.46527662201007
102.46403307067584
101.45497127103378
100.44548914959347
99.4826370941878
98.46415431183141
97.45623233825795
96.45588153733937
95.45572413520205
94.45329639009306
93.4521499948206
92.43698526362601
91.48482888962229
90.49003064049258
89.47740571954074
88.42819847213036
87.4880246976602
86.44753634319848
