133.87390655378397
132.84678906828313
131.90198577276294
130.8857511873069
150.9285614598467
151.9522305493648
152.90710795232036
153.86018101111986
154.89833562300737
155.86344843327723
156.90305005872878
157.8794960308162
158.85306770963302
159.82608158383863
160.8405909949454
161.83892072260164
162.83608542791794
163.83776400041302
164.85404833311893
165.74479879528943
166.7978362801861
167.84832676114786
168.8335351133695
169.80119884566926
170.86249881979367
171.73400950374221
172.71020756260336
4.651406045395042
174.7912651666275
0.22505670981925804
0.8707412260476869
1.5809126804464402
2.2567025639698617
1.240421366982903
0.46035095756157696
175.4050891178377
174.349637052851
173.30279440412545
172.3094663830557
171.3653794623625
170.3520549656557
169.64819982044398
168.58959278545944
167.58888846059097
166.61709769015866
165.57396787725472
164.5744177822216
163.59058517386657
162.88839934712863
161.89652786706904
160.8336733834135
159.8397358230927
158.76986277971233
157.79814840780952
156.8817798820107
156.15644876107322
155.05371498838113
154.09332091585173
153.03434743367134
152.03733167257874
151.08919826841205
150.12846804191295
149.41778689920912
148.35485941988614
147.36110230168052
146.3864438336911
145.4030708904891
144.3172735667855
143.46496736810698
142.66977641028376
141.75492841061205
140.71694456845316
139.74349785720256
138.74948918036324
137.76399533955603
136.7728167625287
135.76850378370904
134.7616743538397
133.76966646005982
