152.1586813333142
153.18089063638607
154.16597383770232
155.1853673652154
77.18785476259737
78.20075483812484
79.2049584676939
80.21281818265975
81.19309443406388
82.19491342575981
83.1935973831599
84.20536669037817
85.2141649203384
86.20744332868588
87.21765412325514
88.21324500618627
89.20097991151084
90.19660116269536
91.17328460108604
92.19590175690709
93.19150318444234
94.17466972164327
95.18920500315384
96.20036342267846
97.20431897991433
98.1804815583855
99.18077797498465
100.18512911330103
101.18237026055898
102.18937423639902
103.1859725902885
104.18098023558709
105.19120725129012
106.1923469876038
107.17595345520304
108.1859935209955
109.16803968933766
110.17201867949035
111.17908108702785
112.17424275149902
113.165256532926
114.17967322009189
115.1792242870872
116.17351794131308
117.18060648090548
118.15527083947973
119.16649849313552
120.16800457139217
121.17335677537827
122.16637194652775
123.1786933349111
124.17409982467255
125.18207623873464
126.16961752634967
127.1440496798408
128.16979041934266
129.16549011866766
130.15731365587823
131.16788463545078
132.16679239767535
133.17863983536535
134.1660049187547
135.17185733779252
136.16943845100215
137.16878016089586
138.15565467683552
139.1538889088921
140.15708972685815
141.16895490613683
142.16209430681405
143.166816975566
144.1692123736119
145.14254949517314
146.16675912462853
147.17592191681962
148.15162002517326
149.1570604642379
150.1679806358444
151.17429901138544
