153.98738707282703
154.98360647437937
155.97032697798585
156.97683672847526
80.14764594774958
81.16085279028705
82.15521255607196
83.15524500417729
84.16200251358765
85.14971001720099
86.15568769063674
87.15368889749107
88.15612098879859
89.15005722168293
90.17569222200946
91.16114828479145
92.15907731055917
93.14650648852239
94.14484941854892
95.16389893783956
96.17381798692877
97.14901673627757
98.15014685614155
99.17636829447481
100.19468053404735
101.15617490996335
102.18543166123094
103.17582076703454
104.17131435104594
105.16664152604837
106.17423263586139
107.1751814166333
108.174696030128
109.16890720239272
110.14575696874407
111.1688732836704
112.17075913320366
113.18021691880048
114.18397433875866
115.18403628134428
116.17132778421876
117.18273127249213
118.18005032577004
119.19499127797516
120.18671108507075
121.16417409252765
122.15969724094451
123.18912989192653
124.18345132600105
125.19123253390927
126.17491139761697
127.16990575142242
128.1918530079007
129.18956079459767
130.18288035740156
131.17385345698534
132.19626921005053
133.16092343381902
134.18129628573232
135.19897083345182
136.20014026268777
137.19638605572928
138.18537041088916
139.18906816802323
140.1659432471122
141.1811910098745
142.18583179176218
143.17212908385648
144.1887226502425
145.19857567368805
146.1726989068336
147.1724555893947
148.1741782871112
149.17802453182114
150.1712478130821
151.18272825486625
152.1776729126042
153.18425550037446
154.17501010028084
