132.34666806838376
133.34933624654118
134.33513231514465
135.34642957483504
58.52929264946804
59.52326548252754
60.54025728226967
61.51995096582798
62.53544692668711
63.526548267017304
64.53622505331923
114.46302472904114
66.52263785051946
67.51907081990423
68.51287339951558
69.51344806284244
70.51422147403149
71.52286455611846
72.51037097458628
73.52557122240545
74.51891093785994
75.52360294310571
76.5235505873199
77.51609028290333
78.52033673008452
79.52005927171523
80.51498278785725
81.5102951496967
82.51750390923553
83.50848959948983
84.51406504117737
85.50431396874117
86.51205333677993
87.52765756147683
88.52106960181501
89.51295623403361
90.5044018455001
91.5169379419951
92.51430011064026
93.51517194393888
94.51258038913143
95.51732588689458
96.53442825371249
97.50355931845975
98.51253209634501
99.5144414776372
100.51820201926479
101.51091909968032
102.5188948127031
103.50994723463997
104.50751689440618
105.51389096093622
106.50680159658813
107.51661014784926
108.5146100119278
109.5224101187685
110.51988406308517
111.52150894908247
112.52104453792758
113.5146361377173
114.51744431462683
115.52380559303244
116.52282674359833
117.51268675514707
118.51643208640274
119.5162019877215
120.5163006433663
121.52217462582031
122.52627900571129
123.52999404990558
124.52651634757619
125.51764511197632
126.50742302861393
127.51800632468581
128.51024187679218
129.51169295000184
130.52382347585038
131.52391359277087
132.53757935702274
