148.92485665573057
149.94325144186223
150.92750853991265
151.9514300507102
75.12996905150446
76.09866560684905
77.13588497767749
78.12112924952653
79.1019020851059
80.11054274058156
81.12822656758308
82.12880837998047
83.12963254320174
84.12090396123003
85.11953873109096
86.12809764903399
87.13134424258725
88.1170535165419
89.10182958591119
90.12667176926224
91.12658268161739
92.1247224124748
93.11953361568017
94.09522880991148
95.13675121732996
96.11609246894726
97.10365554585485
98.13058104363249
99.12110021599707
100.10729545581609
101.11758954495996
102.10531441177235
103.0922237311857
104.09733107454927
105.11328044858425
106.11088578492561
107.11489866946954
108.10753406784825
109.1168886880345
110.0820423527389
111.09222043918069
112.0891670878391
113.12300611850485
114.11533232623606
115.11118124856037
116.1147819486125
117.12910861504515
118.1174417379325
119.10847404018551
120.09208279394603
121.0954184684813
122.08761283277798
123.11309623259697
124.09264320978365
125.08858373653243
126.12289496216698
127.11504663527052
128.09334737321066
129.092528190187
130.10969069262103
131.09230368000968
132.0951799458087
133.11194346349257
134.13070196181167
135.11967769438468
136.13706387358005
137.11506480378716
138.10864358058737
139.11982457830774
140.08870751457096
141.1064607740507
142.12617907252778
143.10181093856417
144.10382788276183
145.1144302162977
146.11280224002988
147.1258357388942
148.1194223995753
149.12300324250754
