81.68111436076303
80.64384326392121
79.65273085949278
78.64684636318628
155.48488074107632
154.49543312159855
153.47920151270733
152.4817183464179
151.49775554510194
150.48504964418424
149.49463979642638
148.48583798006638
147.4811423291713
146.52407946264847
145.5043433360143
144.4887263706054
143.4928425819828
142.50933605886755
141.5200686401393
140.48388251955595
139.5246030204848
138.51423108272297
137.51858820105284
136.54131507689826
135.54332087045012
45.53095502625383
133.46866946823906
132.52043425544596
131.49229710135018
130.48970453106077
50.533940150830496
128.50996514354387
127.49837622713196
126.50059280294674
125.49554267408656
124.52572483852813
123.5397790242875
122.5120883718371
121.46773018095128
120.48318690055875
119.47835903148693
118.47326663451875
117.46298889107703
116.47235983540912
115.48110913281162
114.46810950044168
113.46255350015456
112.4725318323934
111.49219292904735
110.48311396233058
109.47297897268149
108.4609771459152
72.53360921679472
106.49042364875932
105.47038411857999
104.44609921244427
103.48431479093747
102.47380813794592
101.46343954951635
100.4657617981271
99.47192834117303
98.45395262441491
97.44763210775014
96.46055921692235
95.46144577111741
94.44458174436069
93.47358772329045
92.46601440972172
91.46994724155886
90.44986196800016
89.45910299146634
88.45550072340325
87.4782888568174
86.44706907998098
85.45578764300151
84.48161902420648
83.46311937246057
82.44695440284244
81.4542623156471
