41.19764559441319
38.37080838337742
37.85903464116472
40.94339843618263
130.94904221832158
128.7738174076047
127.65430200518291
52.68296494646218
126.95722828211929
125.95182964846725
124.95073312537652
123.92322617013856
120.37149067036168
120.71359136810248
119.83101674860845
119.83830251444839
118.95285271600103
117.96100379611127
116.98751366356012
115.00362513284706
113.97813445295097
112.9458557782731
112.70831503017584
111.77993823843968
110.72581057094037
109.77892420616662
108.40724303691496
107.1166334898983
105.99431089716053
105.48462606242161
104.68369767125442
103.69827938616427
102.74070863595603
101.47718461684937
100.19443381105363
99.15141378003759
98.32720263346346
97.4780047933757
96.62600189956278
95.39313646064986
94.45233644467221
91.37475173481118
92.30388938492739
89.61447885993302
90.33179422112582
89.32163699214443
88.27165346324873
87.33049655393579
86.34654429773852
85.36922171098618
84.33048682636375
83.29735432354508
82.27272506363103
81.25311053244874
80.28074576591412
79.3764264385738
78.36871348928118
77.34875464168061
76.28365201914742
74.95235348577859
73.96445432759201
73.23279509209976
72.01280942830208
71.3341402318749
70.05491854397167
69.26963772205158
68.23840153576258
67.24080863160609
66.25697313733113
65.36525960588965
64.4236230627376
63.33202277954005
62.28032236266124
61.26118181633658
60.22449837389772
58.85260665071505
58.319309826060866
57.36946756508327
56.35130868713604
