124.1049469563692
125.12993834121868
45.05595454774466
127.11507862977362
120.82573894219313
51.323279835231695
52.303798741882495
117.8459766759922
54.312168131755534
55.29449078806705
56.33216103709294
57.315478420543045
58.31763397294937
59.30895649041313
60.32519320321074
109.83496458874748
62.32418817334418
107.84726206625734
106.86228655094996
105.81386164108667
104.84930763515494
67.28552643058083
102.84084458966625
69.29833363353414
70.31316128080401
99.83586839664422
98.86777996545311
97.84271474062875
96.83268682500962
75.31980122478114
94.87809017409609
77.3420542084794
92.86135870582315
91.8293206967545
80.30681079213315
81.29001017003884
88.8475984096473
87.8672708951689
84.31095403646124
85.33390411106595
86.26138574683478
87.29564277193782
82.85533279714957
89.271844993851
90.25158758790397
91.28018322662244
78.87384793965532
93.3027792974131
94.27823201584751
95.25405990498413
74.85777309799006
73.88223985632057
72.89035413343825
99.28893159042772
70.87784794828825
101.27960341892991
102.34296000127614
67.85954807507477
66.84813046559131
65.85882891706899
64.83215079872963
63.871978061155836
108.30763629849088
61.84875163854667
60.86520316756268
111.31232638375516
112.33463695188323
113.3524029871583
114.31214443417977
55.84720699134694
54.86707942085601
53.842420917521274
118.25167388086976
119.27807662980335
120.34787895575673
49.85491532838494
48.87387914901744
123.32652776236439
124.29914279614039
