159.93020515279215
158.9504339551742
157.99798351040536
156.98476151582312
121.89992101662386
122.89518346680521
123.9720009776196
52.56055894655841
125.99299617046643
126.90131309346411
127.91374369912737
128.92370069669676
129.7483256060505
130.72959086065126
131.82873977715983
132.9005179341906
133.73158986512752
134.71077946769825
135.74100403985247
136.5571233333271
137.53622806546218
138.5616112875332
139.67382689158114
140.50526883946773
35.37076673761808
142.6112812040507
143.41034494813778
144.43698615866236
145.461450936567
146.47189169571132
147.43893016364845
148.39770328356394
149.4542431546402
150.29469458946215
151.23550102628167
152.34750760741002
153.37591614762115
154.42940127808623
155.2789391317654
156.39633774669957
157.31335482357125
158.26087911472086
159.33342191958377
160.24163669583612
161.481296849603
162.25456753128123
163.1393807423081
164.28828353089906
165.14999390968921
166.21752954311341
167.33639912597118
168.28779484711126
169.19693587030315
170.21999575599347
171.2328707539285
172.08374150306506
0.221307362124504
0.9798283304158638
1.6833225149106072
2.3934084944911924
2.9808706836759824
2.094700596130938
1.2781245567482593
0.5812963523330942
172.9513686490573
172.1686967198953
171.1033971472658
170.09212295954498
169.07580400889762
168.23206770297418
167.2787627464356
166.33590855022
165.42870028322253
164.40343008196118
163.25396365071353
162.32336520414376
161.45370455246263
160.64435628953825
159.5929151832168
