36.3855421686747
27.08165997322624
27.028112449799195
27.05488621151272
26.536692223439214
27.04149933065596
27.095046854083005
27.095046854083005
27.135207496653283
27.028112449799195
26.987951807228924
27.135207496653283
27.06827309236948
27.054886211512724
26.974564926372157
27.06827309236948
27.06827309236948
27.054886211512724
27.054886211512724
27.10843373493976
27.0281124497992
27.121820615796523
27.04149933065596
27.054886211512724
27.161981258366804
27.161981258366804
26.82730923694779
27.095046854083005
26.549835706462215
27.06827309236948
27.108433734939762
27.001338688085678
27.0281124497992
27.095046854083005
27.014725568942442
27.04149933065596
27.0281124497992
27.001338688085678
27.08165997322624
27.04149933065596
