29.926240427610512
33.37145993478054
33.365532815611516
33.388763890646246
33.35568809755234
33.34022293834676
33.37741062326074
33.37816981541943
33.37932564583992
33.373844601334035
33.37329243599213
33.36017302366992
33.345511955496114
33.36513175705143
33.36558402554664
33.34271990088327
33.35648694246737
33.35318377122058
33.38372423156243
33.35390308838944
33.35982838538107
33.33354727395066
33.385737852600215
33.32583661300675
33.400500629749146
33.412494765529125
33.441281076275835
33.413395908301126
33.41705250508378
33.439511892786946
33.41942665887846
33.41946156147657
33.43432260643868
33.44661205506558
33.4050304205772
33.39207300989826
33.43295053204606
33.42609986356003
33.39145928246009
33.406362150524515
