2.652039479544381
0.13426544659305586
0.11944962817178706
0.1357305741790353
0.14273088656101246
0.13773386638577456
0.1258509339691458
0.146128246360178
0.13217977039399414
0.12655809400420176
0.14472095605563928
0.12508923642395162
0.13190112397909204
0.1251036117693117
0.1189237481686708
0.13819698286704662
0.14702014899195523
0.12969245292952505
0.1335741797359915
0.13634717342285255
0.12884777983945023
0.13238144090107481
0.1384719107783594
0.12363506450469613
0.12434306637432778
0.1472709623398224
0.11280285037613388
0.15295015536873494
0.13315904190411013
0.12125461701276109
0.13841726233195983
0.11801134916899135
0.12968269930368034
0.1381497576052084
0.15466058791135864
0.11753028287147751
0.12327994651608501
0.1406479174222435
0.12410304284209298
0.12308548168580138
0.12115935382553317
0.13672994693894874
0.13045300880284436
0.12150268285248234
0.12241214661317593
