1.5923712676050936
1.0788119548428439
1.954319900146444
3.0287982222615395
4.080795095915782
4.96271287036541
5.983929405078996
7.064738211127926
7.927281193532789
9.00528725160104
10.025264870292938
10.919630056847874
11.93097568379265
13.022728694457179
13.931442499378788
14.977632450872722
16.02178479667732
17.054066359934453
17.965470707101286
19.053569516044156
20.088288325245003
20.97992847199625
22.010532744596446
23.10669753610022
23.984978065582226
25.000151725650372
26.088005163686972
26.94542518839262
27.974367965623642
29.031190693062417
30.104203840104983
30.96903376081201
32.07789772119732
33.080029442957176
33.948924312945984
35.024689584421296
36.049357290435516
37.01486863047058
38.026966606720364
39.06479607767676
41.024372850137595
42.037595200101784
42.934015077334415
43.98336581449807
45.04513787045819
