0.6800829816130047
0.7541736053071203
1.8017005238652988
2.883419079104919
3.75530209840315
4.825520905978309
5.820361003634315
6.767634196302165
7.821344180496792
8.845600159140698
9.759126913521634
10.808667891201884
11.799328802382776
12.71261012103531
13.802920791983698
14.810462443088115
15.695080037893645
16.802773548654518
17.851162876367383
18.870161554321133
19.79604016541733
20.829188045445267
21.87307499566457
22.78065059485026
23.792701524823848
24.863343192992136
25.731729071004185
26.813326507272883
27.898352299832588
28.738320972656943
29.760015269138943
30.840883245390888
31.87096547708831
32.76368512507484
33.78160976497024
34.839571006314614
35.726248198642736
36.74821105789815
37.86310295142594
39.855087637908504
40.81769372672032
41.71346241037084
42.80443271697132
43.84788436647857
44.75459394282942
