1.5490999636905165
1.338042787281378
2.266097283378397
3.2800852362262014
4.36016051901553
5.425535244004736
6.30286372628589
7.339582877342397
8.384257548559455
9.267156276526897
10.35639399176056
11.357054145744382
12.265965570431696
13.315448354450316
14.362039702165799
15.221314680656791
16.263319025346767
17.339932113411184
18.218539777519954
19.286492616239624
20.381771725089738
21.404976154710145
22.279668901652272
23.348470208790502
24.38683135932557
25.258333397985574
26.343999278913017
27.316270207754584
28.23719987924207
29.294176517880732
30.33956169357905
31.180386037495897
32.255687417031034
33.33949133894745
34.238303748416335
35.277467552810684
36.326797656819494
37.32050397723349
38.258916530808
39.30989004365327
40.3793537782893
41.33181989662312
42.25426490691514
43.34099790763381
44.25634083684278
