5.082260506301516
1.0786297992101126
1.9954119165911415
3.0341969029040174
4.070024991248539
4.916525142243595
5.954537845221175
7.040014772148912
7.9427359306736
8.981582181850067
10.067201761940273
11.071496945591509
11.950472645539284
13.017389520545853
14.098983592537829
14.947018815670468
16.024049924744833
17.029773748954344
17.943639911085043
18.98033446974923
20.04269362675644
20.915243431457657
21.97523460726777
23.05131854969962
23.927679232475157
24.95409170882901
26.015161240683838
27.081201259764843
28.013988873849158
29.045192914614162
30.126925866102322
30.910141629133005
31.992141333916074
33.06936130071535
33.99579953875509
34.95391852968117
36.01453121730876
36.891565779452044
38.022240152878254
39.012611268977764
40.11155717595256
40.97297653436033
42.06319970134403
43.03477598728605
43.9755350785502
