5.483199201756508
0.13231941448567
0.14429424555045
0.13523907667065044
0.1388567625259042
0.13724005586235652
0.14900020897441454
0.14183335310161357
0.1319490052135831
0.12924923505865935
0.14294244323325114
0.12969031367676448
0.13566600096878634
0.1312959818900508
0.1407440999588707
0.13832704833641213
0.13818808585180117
0.13968985671959847
0.14591043200173986
0.14059651904423828
0.14873967718388476
0.13127413854020592
0.1380357449630427
0.12900965999107059
0.1335417454112361
0.1212015428636844
0.12645513794127097
0.13282456326981137
0.13825609631450897
0.13265754019390408
0.13195268884006298
0.13877435448235345
0.1509040118168029
0.1415143572830972
0.14507858051588837
0.12758459836209815
0.14327673135820274
0.14471835675212483
0.14523796425248692
0.12141619357386771
0.134063836133028
0.1339822249687773
0.13767057048977432
0.13184624195553035
0.13046831426612096
