1.8839492017171706
0.3423920223967167
0.3241940426442399
0.3232995297237567
0.3141418702555504
0.3224661941381315
0.34302350806812953
0.35332565698230906
0.34570805710570046
0.3190754665386931
0.3674340980928209
0.33153532934857705
0.3264391242827434
0.32145155073827403
0.29777904287473284
0.3430417806991799
0.3456357110896396
0.33228202754620634
0.3109084496413984
0.29862250289271863
0.3031247738507412
0.32921252413972485
0.32581477313259605
0.3310207381399362
0.3129140555800315
0.3275186635236949
0.3199673256988769
0.29445555033016807
0.3242627162103566
0.30669449455013903
0.3239169654167229
0.3510203783096632
0.3055524890170621
0.3439248947501074
0.3203640114311575
0.2896396882494599
0.32391413258960994
0.34616332868265537
0.37197092428354583
0.3336973608725207
0.313480264197187
0.3386203547149578
0.33941388169201253
0.35883816760661846
0.3117637995682215
