7.792211847500406
0.14206754038932562
0.13660849438857053
0.13750898428016753
0.149725517749782
0.14989725915146282
0.12452515340834733
0.1319057548361109
0.15302265353615116
0.14872490202842314
0.1480756103751914
0.15223756961281062
0.14035684127687606
0.1323043999729138
0.14407882041276204
0.15676372998476212
0.13760732911737983
0.14000635661208127
0.140561947531139
0.1395311787436571
0.1503975591661027
0.1426829213856229
0.1329820843518179
0.14106383119649465
0.14813242156527875
0.1264614968809512
0.13808074188516944
0.12485334597017138
0.12900239874624475
0.1514657207210984
0.13219708893685655
0.14878867779607408
0.14917865093394403
0.14343046440663093
0.14796637698823142
0.1293652631914732
0.13311229146439083
0.13610212866034005
0.13519985009576027
0.14181283812748047
0.1431539293813818
0.12428196419958912
0.13476320915034543
0.13306213694680347
0.1353066668354507
