4.024472426415633
0.13669276647121276
0.1441706118604233
0.12170844711713619
0.12555615102871145
0.1251153279417316
0.11767025482536
0.13876050491768713
0.12899514779003635
0.15148745907972805
0.12061824898494929
0.13770606864577337
0.1350482543202358
0.13015447269402933
0.12995416899137174
0.1456167344373157
0.15195589509027918
0.11474926270332927
0.12319746450248949
0.15214713042113368
0.15163401130955914
0.13333082899124707
0.11751454624033775
0.13398391905916962
0.11720044118444962
0.15286545676433996
0.1450906137444116
0.13047461975441207
0.1378816918421626
0.13953316803754892
0.14496966858047203
0.14054462019035624
0.16134561251571947
0.11221842691464204
0.11782205771355438
0.15580617619231418
0.13260896933472466
0.1596424511448611
0.15518917403500487
0.15201542784045757
0.14771546655545487
0.13914783484308646
0.12257721994027183
0.1235559951216551
0.1316898522421056
