3.033898241640238
0.7708949949527262
1.8676707820873648
2.955679067683743
3.80927634978087
4.850263657855681
5.924150533561431
6.785133200578574
7.866071343579202
8.911694634942725
9.817367988616525
10.855790941737595
11.900987670889299
12.819170372217537
13.850662595781232
14.898613575413208
15.957335167292248
16.817696707201183
17.925778594703296
18.908909996478922
19.761887743074002
20.844108006142147
21.93235221234418
22.796493385019005
23.831989616986267
24.92584383016668
25.789315715483742
26.919791805286543
28.83188119592988
29.868668956644996
30.82734963459732
31.926016047135864
32.879861383567345
33.84699895138437
34.944574120052415
35.7722407501141
36.83827297314632
37.891641899227274
38.856618921278155
39.8848934218115
40.88667620981228
41.84118644708249
42.92464386941662
43.873927708903054
44.8280703971609
