1.6086527114875637
0.2928086877572611
0.2634049009452424
0.26280188760859474
0.3212264928615473
0.3021281916271726
0.31892365563446745
0.30239292469695933
0.28550470447319914
0.2822681181181886
0.25636637301138265
0.29274986971917444
0.3151254074164687
0.2694891276571892
0.3091704874021547
0.2568292263391275
0.29125378301171395
0.32665809730228096
0.3008305679425039
0.3000250296489524
0.3015568361352921
0.3089591949105029
0.3045435097137876
0.30690687662166555
0.31017407743080605
0.3076677260107085
0.30613987240041846
0.33829030052025655
0.31672944770687134
0.32121285805734023
0.29173447401137687
0.3035235946697631
0.3044266546440504
0.3160123649512165
0.2898102357762715
0.26259360212311234
0.3086200856230239
0.3039531609405857
0.2909429383056626
0.30604351160069554
0.28443092038042983
0.29901253451932985
0.3469069652338384
0.29131505126586
0.29752489277346805
