1.6527750176828102
1.211362287104948
2.0855924764020797
3.164482288694298
4.228689149510705
5.238306963628104
6.147731851915837
7.1868837826483825
8.231092742662852
9.132049813280197
10.222417735831888
11.266002588024545
12.1449652828644
13.184672817301665
14.23299321977383
15.125573078226886
16.140834869914507
17.20649199747721
18.107752206523383
19.154126763006524
20.228531376981294
21.28931748407371
22.152634690623042
23.202321439970206
24.250823191858537
25.13340766819839
27.264986091684715
28.113428649133173
29.173188880663343
30.23100617003673
31.152058571574454
32.213419678333885
33.24170984677383
34.13385121118597
35.17013808870077
36.215560066043736
37.23763467245734
38.200190039682326
39.22378030638887
40.30193938118163
41.149743551738275
42.16451014721165
43.26855701721119
44.141170876359894
45.14979958607941
