1.2622183660510713
1.5429237654752979
1.5612682157196554
2.449450637446312
3.473953045858048
4.541992873734989
5.404523654526029
6.439582166831
7.494596602365805
8.391285723116134
9.459719021284071
10.511728443832249
11.557127758418668
12.454914719268983
13.521298961823597
14.568989934773608
15.438195234838144
16.530398468379836
17.569180867917776
18.421170803496143
19.461318655771645
20.5371885505228
21.40391445085419
22.479551667763392
23.535545741498343
25.490285316453583
25.45122200936617
26.5030049821853
28.40686573780137
29.518628018076132
30.571695289523827
31.459534752772736
32.4647806015389
33.56624610749705
34.48185052700693
35.51345210877204
37.435715920900094
38.50340635364176
39.543030581309
40.6346244617263
41.435495813389416
42.55554241596753
43.55361393176224
45.42350105406252
46.57525232677098
