4.019784738962533
1.0701142431763773
2.130104766730771
2.9807555383692246
4.016231913760583
5.106383698912322
6.126809578961373
7.015369723310737
8.093630273789516
9.161074421726987
10.002439130833555
11.088942703624008
12.112212111310832
12.98229429255529
14.052523115450278
15.105657795856565
16.006408843446902
17.018527251815854
18.060972415199224
18.950306929076323
20.031461984299177
21.111374858815957
22.10117010979134
23.02066689066989
24.092463829759495
25.112295005820613
25.994960466864395
27.059294651322546
28.14857986516406
29.058188690679735
30.05132981248372
31.117934276275328
32.042420315990704
33.021006597156564
34.08017211943454
34.98400020855723
36.04825832635443
37.1077438632247
38.14079421759615
39.077892471717526
40.05210947201345
41.16818990542459
41.98653098337519
43.04436993095286
44.11446050808877
