0.4333234185650615
1.0904880195093942
1.9750109066698662
2.9950698292149496
4.096393945930092
5.001097905052632
6.007455030629566
7.067447867292521
7.9686565348453255
8.996109911175939
10.054329959780285
11.143735866123965
11.997616628577205
13.032888763871517
14.128707513865686
14.981715056104855
16.05566767249985
17.092742134434044
18.010145707171677
19.08539466278049
20.135660775310054
21.00729265390123
22.074053946546456
23.139292840150553
23.99131076177163
24.990618949768205
26.096317130025888
27.15951824540413
28.052799796392865
29.091886473591856
30.162163027020664
31.075351090633852
32.03115841882186
33.138323321309834
34.029314232744184
35.04837438523041
36.16441610301221
36.95016525675413
38.0038342239457
39.11943628102761
40.15229417885996
41.05682632559624
42.10370451529069
43.17577912546847
43.95535509626053
