0.5552279273151218
0.24405791610137798
0.21229684024397064
0.21622168925047366
0.23013185017960924
0.22078425828325218
0.24025445117015287
0.23351002407609459
0.20940238848881934
0.24285980270406962
0.21925709771431454
0.22732419821280483
0.20042889094921398
0.19723078213379933
0.2224995665367097
0.23282966270321753
0.20826662704838325
0.2140271383489656
0.2147642960280888
0.19621672514867983
0.208541388707568
0.1959180697246622
0.21674204952661782
0.22056442599028955
0.2061577795574352
0.25772483427123843
0.23685687802886782
0.2193448856870234
0.22152415223514618
0.22314328285560678
0.21808194062412514
0.2065760039496336
0.20856721225548916
0.2084253615565282
0.2265555698771711
0.23035161534690696
0.22114053413238913
0.19953048472169663
0.19943425947218602
0.18369563083730864
0.20063079323535843
0.20459833746260103
0.20420408400984463
0.17907914267404632
0.19579266314768573
