6.551053538028831
0.4963736533730387
0.4703009636894537
0.46203540835111806
0.4946031879281208
0.5243847801976825
0.4939160097301701
0.5084513910707423
0.5012307926458351
0.4763484586088436
0.5087090526082377
0.5123924012542997
0.46714987299132155
0.483470613058003
0.49197778818593385
0.5071965725770936
0.5023721651833147
0.494356700892245
0.518443397524743
0.49532322296331777
0.46764769792843397
0.5195740535227642
0.5050643354679202
0.49170871322055487
0.4833759514916819
0.4824811353563467
0.5016372166603627
0.4913734643980874
0.5116256235351404
0.4716244885660293
0.48174425494544826
0.5476795397617856
0.5040901738741411
0.4890958384044004
0.4954750134808309
0.5199372630758936
0.4929387157978994
0.49536069156250784
0.49833903454742456
0.5194145481399048
0.518391885471482
0.4852922036118314
0.5122545255636771
0.49975577021334733
0.47533277837028076
