1.9563418226449278
0.23184802581496552
0.2501681142585186
0.22340563372817118
0.23971150010158607
0.22638031068311734
0.23396333336516847
0.22170724185749072
0.20333874246024802
0.21313385310227512
0.2260145637263199
0.21252468581739814
0.23352689250002434
0.21339581426472765
0.2196703062523094
0.24029323512979495
0.23829212478851966
0.266683464866267
0.25209437124732437
0.220764016503671
0.21151883793515971
0.24991076369546344
0.25708503238887376
0.23954306838608783
0.22634438595260314
0.21113399274212072
0.2281373582205587
0.22538845601400084
0.23970460716493602
0.23872060777661713
0.22319908846029932
0.2511249184115049
0.23566574376985255
0.2715877445290255
0.24566486105603924
0.2195508210422717
0.2391970632295925
0.21798976198835637
0.21733390277544826
0.24932059572825468
0.26490927975233663
0.23815641619141215
0.23104892740955216
0.25023668750252676
0.24890943991962342
