2.837194754652901
0.8038943353090219
1.8914810489780303
2.9275332314420184
3.8306217300773477
4.843988102691808
5.915600359926151
6.8138557581090105
7.848962028011092
8.903137325788768
9.942127008017108
10.810229610107662
11.886850952176083
12.980615731597904
13.85236673065418
14.89655659699252
15.949949457241873
16.8564378212155
17.886579180713326
18.962023250113678
19.844666451820856
20.85403613471621
21.92163379204568
22.765566032305617
23.884758759351048
24.894037836416302
25.937018157587808
26.821373970066837
27.89665972197653
28.93845888020803
29.80832796051005
30.91175634684237
31.931571865944015
32.88787058397843
33.831716133057746
34.94820652290022
35.76304676786113
36.843806386475826
37.92497294756078
38.80114807026854
39.875556056608346
40.894723657128296
41.89947530658397
42.86722090444008
43.86762382829883
