2.2458523429936235
0.17277500833109483
0.17853252255298932
0.16144471749983602
0.1407438670710222
0.15044378946420064
0.17215449079059023
0.1666269722799001
0.1419017166810861
0.15762657951280817
0.1640859916306247
0.1610575761079419
0.16116370126300675
0.18781347924879668
0.16439636564279161
0.149688941263063
0.12936616284010727
0.14765674267317694
0.1280085755575694
0.13632629769007906
0.14261264545022198
0.1382046565536742
0.15300847749679639
0.19058050383342018
0.16650305605009483
0.14833035056368654
0.12408029048940408
0.13975663982973016
0.16108152863037237
0.1551966414058638
0.11433749285346095
0.1598163333710309
0.15666415177458382
0.13005999145401487
0.14917016253879256
0.15360870502629118
0.14667999883425228
0.17676875015283042
0.15925255758539753
0.15424050639990156
