84.95643934313992
80.92927757420509
84.27586816248933
82.33285665840737
46.738546206307106
47.80887584567994
48.82645435079634
49.78340903038401
120.36900261561115
51.83588754441436
52.8508570007401
117.35209593478761
54.814816942146656
55.80180124010802
56.738124554851254
57.79744162341031
112.41464152913991
111.40050723417903
60.791798510321975
61.79647719673377
62.84163255123333
63.803511375770874
64.78097165289275
105.4302414705208
66.77550411567138
67.76907846932961
102.4099348178087
101.41185747709258
70.77751420258555
71.74776206193233
72.75349873835452
73.74697223461027
96.43177684724084
75.74804397039871
76.71957625944775
77.76675156451286
78.75599946751018
79.7447751767025
90.42549401285096
81.79951318467054
82.7760105543973
83.74937443803216
84.74627105419434
85.77966063449225
86.75809231383829
87.74324420775734
88.74238171266508
89.7282961220469
90.7126037116511
91.73520992723033
78.43207432772923
93.76959134416595
94.74957355685217
95.75575281617317
96.7402515094697
97.73862142387615
98.72554602954565
99.76794876568172
100.74024776325682
69.43168255593702
102.78380734500612
103.72436434195392
66.43292871011994
65.39729698890903
106.82594729508625
107.79785173778211
108.78354096128785
109.75942373181913
110.76325308284159
111.73321699540415
112.80241426394961
57.42023233320862
114.77160765151328
115.77955523726446
116.8198706554392
53.46038428895309
118.75384496831158
119.74805904071407
120.78035927564645
