46.92022707401024
48.179830119864235
75.6068792789877
69.45570928539712
178.88757646894123
0.07110022691899597
179.01378508574035
178.07455638873046
177.0587003732513
176.05595498418646
175.0160004115697
174.03087436742538
173.02835914631225
172.02655841455845
170.99222020827395
170.02918595716426
169.03446236856837
168.01665237368914
166.9988764200416
166.02255392353928
165.0178834032649
163.9829256917041
163.01279742679924
161.98946953357805
160.98907165138033
159.99894929468635
159.02586123758292
157.99951184441727
156.98736111763756
156.002940421627
154.97864052587593
153.98490850117
152.98487824549562
151.95521184003357
150.97179830574677
149.96829325540534
148.9942413732163
147.97699765615357
146.96956912663967
145.94888213603295
144.97230930926546
143.94754089867396
142.95905939139442
141.98736112576609
140.97819238373722
139.96737325968263
138.9439457698315
137.9554662195051
136.97026400450764
135.95632190662008
134.97074003767003
133.9456908285799
132.99235641201034
131.9527407756085
130.98888572157153
129.98071336941442
128.96489441223477
127.94303447194133
126.9686723025177
125.93884789156512
124.95247470527283
123.95232982349519
122.96470053907997
121.97193202766282
120.9782319037101
119.97299808856881
118.98226859105552
117.98598554862893
116.98027546193846
115.98807356429575
114.95437901384729
113.93714588610139
112.96258158823876
111.9290630316613
110.93486491729676
109.95923015858361
108.96636840480092
107.94516833473216
106.94124739788779
