84.54732503325019
91.99221553465823
90.65767101160887
83.00069385692956
14.44292558578794
15.465568347290295
16.476742871094455
17.46832502448641
18.450975870152774
19.466516462224217
20.472923671329788
21.478968273425693
22.464752398974927
23.46146323576882
24.458558726186926
25.456213601797554
26.46936787905609
27.451722045784678
28.452091520379902
29.455855395615554
30.464534841238397
31.475920673730823
32.47060628604338
33.47136864238659
34.47288254871937
35.49373218686292
36.46258512266496
37.45578592319541
38.47069130836638
39.46160005166664
40.46573665348429
41.45651791927591
42.47846658284426
43.48125789100928
44.48141730327818
45.47831187932158
46.474887123697684
47.48072527117245
48.488968206947916
49.476186404102855
50.48577606022686
51.46982832722778
52.4805808907064
53.48452257713721
54.47859114398283
55.47457835637688
56.49019493304846
57.48198181632016
58.47988132366313
59.48044317634902
60.491762080631624
61.488398684751765
62.4781226063943
63.48210461711913
64.4780164733881
65.48965351581865
66.45703507183542
67.48388332829201
68.46816281722961
69.48408879588315
70.48904668258358
71.46989593200313
72.4789057837332
73.48086075128892
74.4796793003352
75.48321758647754
76.48691886393627
77.48263313187542
78.48349197370764
79.47526245031975
80.47565867087545
81.48899471768925
82.4704092576316
83.47012067395866
84.47579975482493
85.48875254442534
86.47627550845213
87.48029552135992
88.48410761073808
