50.87730172150338
32.18622781185666
58.05279055605306
43.32219020050392
77.2697366813874
78.26601502003008
79.25419944374175
80.24538922737271
81.24913561754438
82.2435580288532
83.24273888944049
84.2510564903693
85.25298448077223
86.24261426413285
87.2455122305516
88.24606907873519
89.24942759032933
90.24127964653087
91.23127398854194
92.23923250820303
93.24440303370443
94.24076670925736
95.24684955140023
96.23778709493014
97.24791469366717
98.23938438021561
99.2354375597928
100.22853203839232
101.22330391010979
102.23653242225677
103.22564252775858
104.22947262709262
105.24011857814355
106.23032420476459
107.23433330632551
108.22134953346014
109.20735799361542
110.21866704797051
111.23165944384517
112.23282754336795
113.22748960551036
114.23783258910106
115.24026698246989
116.22114306526387
117.21996806894072
118.21247921291216
119.20501522395827
120.21634875345678
121.21868489670928
122.2212779617594
123.23125880190804
124.23840548896706
125.24114417538514
126.22963475838216
127.20049422781737
128.21060328226366
129.22110526431453
130.21077279189694
131.20775530965994
132.22627939184864
133.22330395299747
134.21020343987286
135.2235161576513
136.21097822138364
137.20126675028715
138.21615155437578
139.2027009362284
140.18940284524248
141.20614150143797
142.2047904058748
143.21550610864367
144.2082708779149
145.17798132364837
146.20506729871383
147.21591875127032
148.1932283141821
149.21021352465937
150.21646517614124
151.21944317484352
