10.606281377037192
9.358178058898924
14.54825777985918
18.231755192380092
118.59712990202345
119.61260094585154
120.52429085904542
121.49907166449998
122.43343648722761
123.44407361297569
124.37489090697099
125.41418276176567
126.41517878415088
127.29727101287966
128.2594984461638
129.33415676137477
130.1850337001164
131.11597869614843
132.14904753335782
133.24750382269534
134.11874100435102
135.03137120329447
136.13168581123665
137.10241226939985
137.97991880270723
138.91113943731398
139.9507949810384
140.9250341004989
141.94648007001064
142.93171393961657
143.91153524800484
144.82849788801275
145.84969644661018
146.83986888126367
147.83375446286206
148.725529953716
149.84238713040716
150.80555963214957
151.69213540701833
152.80616724545078
153.8100351352257
154.7681670673852
155.6561759724489
156.74550270691856
157.7364894489537
158.75951827180396
159.66688176587206
160.70278102228397
161.72585940389513
162.77688448112127
163.64639540082422
164.72344008437142
165.62127658825403
166.77659288430894
167.68011639787863
168.69212658641467
169.73460190273477
170.65233813534195
171.69192366911884
172.5994437350577
4.336824181662491
4.048589745657852
3.6115735667683286
2.6411408931353773
3.2660428962017005
3.8084738833771357
1.1287438287695954
0.400577724448112
172.55538931394247
171.53446387949995
170.76309767162357
169.69774280408157
168.81439030116607
167.7611661269469
166.8483595862153
165.75912950993865
164.92758396998985
164.02350551451474
162.92895040332604
