41.25908058285464
48.35464791268389
42.928492656222254
48.4533162505311
63.39647383350527
64.41504636967555
65.41329030784264
66.40853630218845
67.39107547402813
68.41286541234982
69.38551827281614
70.39459268936817
71.40507811392817
72.38748446188694
73.40892203484555
74.40876398197594
75.39866176579687
76.4097170698272
77.40349514861379
78.39997392846463
79.40144387961149
80.41812712776662
81.40225626909348
82.4266424592621
83.4298103516561
84.41351172029988
85.40569341928641
86.40070656068154
87.4168231017404
88.3942940154635
89.42327662113246
90.42340254518018
91.40741881528506
92.42786241177559
93.41878211431289
94.42535286321689
95.41113958636419
96.41206850688366
97.43354936283308
98.42989574637716
99.41822161876259
100.44976797634378
101.46669728862089
102.4519010144306
103.40750843706319
104.43497764116708
105.43637974188383
106.44358731272563
107.45245116557253
108.41175924159232
109.45751358459694
110.43432413025766
111.4303755732954
112.43807125764425
113.44409781422712
114.4397439681512
115.46340279490184
116.44109986283678
117.43514352761807
118.45087573738356
119.45877767747459
120.44120564160367
121.47373918516372
122.46349604187067
123.487643337298
124.45970179820564
125.46743361784037
126.44016860636576
127.44454929093502
128.4558159276632
129.47020916294753
130.46859128390818
131.43766820062424
132.45797819346535
133.45661855797363
134.44505953147964
135.46854340008997
136.46122496830222
137.46277112165677
