47.920665164115675
50.10344863498219
78.4211719755415
73.48901979586388
147.23014036925738
148.24247788961625
149.29280859477194
150.14984480579966
151.16730032922473
152.26017624931572
153.1915515035043
154.1391353803434
155.2340858100017
156.1818401115459
157.15288831503605
158.15417611779193
159.09168815818526
160.14025409053377
161.1256381186919
162.07875180852693
163.06342761687273
164.13340851785716
165.07969438906287
166.0912234549969
167.1145928872073
168.0605045250923
169.08903485990507
170.04984805494732
171.03400412106078
172.08201311486232
173.11176587963146
174.07988521316193
175.00919840440227
0.3258573656654553
1.0880513542555292
1.7319038738750443
2.341504364656499
0.9231554367749839
0.19241277541555726
175.04527668035703
174.0643739204506
173.09490471565985
172.04746288444943
171.2395061152105
170.30504478429413
169.2707709179593
168.25269470252377
167.37128693523297
166.38203400714713
165.4204706997196
164.3838134611747
163.47396565313858
162.49910671445213
161.53656727723592
160.56439882045154
159.63168236391172
158.7282806798431
157.62984379701922
156.74332075733875
155.7663041923358
154.7295600648147
153.80478065187955
152.89367566319171
151.97536666371084
150.94026872899377
149.9816325723909
149.0869692249835
148.0762234521157
147.0578583773153
146.23269828463296
145.22534136120083
144.2060647651743
143.26788928618515
142.32141382941617
141.32174126948277
140.2603340454933
139.34600276091524
138.3393209293022
137.2963959488871
