50.98453568822746
43.88156937600748
41.16775602742035
56.18107283140886
125.00086258294859
123.99943266592527
124.71389645091669
63.666267270351874
120.99748970629594
120.01232413226927
119.05055259453887
118.0533226120595
68.6842205550009
115.9998499943607
114.98777798113206
113.99429305021519
112.99390851680464
73.68575254781499
111.00960508982713
109.99675323367897
109.00519215893101
108.00138624001471
106.9845759206553
105.99040181039972
106.6930830334665
104.00398061581565
102.9999949537893
83.65301488273559
101.0009972524939
99.99777102434706
99.0110481505916
99.70341437620648
96.99748751696428
95.99078804212972
88.96033579959457
93.99132214618686
94.71704360975747
92.007578639286
91.00589769505955
90.00783902244444
88.99726106311962
87.99696298296264
86.98700233588302
87.70737410209304
100.65813326914166
84.0208272284308
83.01310650325001
103.6454772936186
81.00664927889656
81.7101894934822
78.99606487209209
77.9990612924252
106.95764648387984
77.71303390038555
75.02112088205676
75.71228763141552
73.00925032731197
72.00487636542753
72.69893522011195
69.99159149297822
68.99427503887543
67.99690070935499
118.66414219252385
66.00368581382418
65.00395007355372
65.70474863380203
62.99781775183031
62.00669704255894
61.00536669871668
125.65264353439258
124.9704626344471
58.0123165212322
57.02594938359384
56.008508288874935
55.00772677092839
54.01072449793511
53.01064321409549
52.01189119082789
50.99685880474093
