64.97421408020301
58.50980395328139
65.66928846449107
75.58979099027763
159.01639177338672
158.01703898440707
156.97205689022712
155.98250258563033
154.97610758044655
153.96941734965486
152.95620777057832
151.95849957707784
150.96975293436842
149.95570209901274
148.9645338288132
147.953211453704
146.94742406031745
145.9692007203009
144.95278593082256
143.94546668707437
142.91334663605895
141.94767411408318
140.93823638640333
139.97206938255897
138.94775622750524
137.96513955634944
136.93241693582954
135.96033174422197
134.95194493939863
133.95374070139994
132.97338799935045
131.977575953538
130.96522211535301
129.98652537421972
128.9255071671956
127.93428968002613
126.95529547146552
125.94755242261019
124.95313233934606
123.96815385299901
122.92894434264794
121.94836640000462
120.95060770293823
119.96810630879747
118.95643434569742
117.95031927251546
116.97864861408407
115.93376589942099
114.94579442715438
113.97905785560977
112.98214769186946
111.96434340258638
110.95616818085037
109.9560001781048
108.96589784518672
107.94790701744746
106.95944168506358
105.96355305979968
104.94388031671299
103.93861634631465
102.96125262046513
101.95009298653375
100.95289395257852
99.9483567628052
98.98152820855877
97.98110287857446
96.95286540561254
95.98059952476345
94.92401918559663
93.9626902103189
92.9524301316342
91.95445639881765
90.96002091097237
89.95911056015565
88.93981132143554
87.95208584517628
86.97102536975095
85.9511485463743
84.95560152919056
