59.08370969276636
89.0909544234769
78.57474555051736
94.63253889228592
76.53004956800127
77.54549722241195
78.5444235947311
79.54463160997936
80.53335580621442
81.53130124963727
82.53282750798152
83.53914345219023
84.54798959076524
85.54267272354403
86.54701393946901
87.55653154844495
88.55952886957485
89.53851941382972
90.51606882083112
91.53636874286843
92.52828626078183
93.55042719824738
94.54551986628738
95.53658958601014
96.55688902479562
97.53240707104307
98.53971260792497
99.52453375386703
100.55848417852992
101.55933255564992
102.55623744044195
103.54338753704604
104.5529207479623
105.56288846344685
106.56088703304025
107.54638851545809
108.54163905533035
109.54864746704267
110.55312425064098
111.54117899250666
112.54670135001639
113.54685008085742
114.5523143654548
115.56753973903518
116.54107554742158
117.5746065412443
118.54611766464447
119.5678943225199
120.54481764131417
121.54684952491463
122.54924731382201
123.56264840543862
124.55682521910956
125.55004466098455
126.55653384886332
127.54401981390684
128.5388233091828
129.55482782754916
130.55680805046072
131.56425256347507
132.5601577741007
133.5326124524548
134.54215354939979
135.5310392173788
136.5357485959979
137.52060936175786
138.52551530797575
139.53784816519007
140.54269503819248
141.54868082170748
142.5679897292805
143.55280318212263
144.5238715113171
145.54793028004565
146.55470398670886
147.54084274896994
148.54116967193357
149.53895626424526
150.56149928182413
