46.65385074687874
57.98629738156216
47.52082790771017
30.29644817623844
29.991386864419308
30.978092358946665
32.02352160799744
33.008812357884096
34.01176493688376
35.02628001219732
36.02692206058674
37.01431721547622
38.037638493201854
39.019780082134936
39.9695817870997
40.99118493465789
41.990140115569055
43.03364798860185
43.9721898231841
45.00551732025946
46.02114945942072
47.018729513734236
47.986434158095804
49.01281464216719
49.99409133272287
51.019962041926924
52.0141622980048
53.00833842919831
53.99852966292005
55.013084381923385
55.98951389275089
57.00342027181452
58.01902810324835
58.989372233718434
59.963543355086856
61.03480266335647
62.05430010677958
63.04139129991308
64.01668096265222
64.9840467443102
65.99108454899947
67.05089829776998
68.02654907783447
68.98353058339636
69.99529606467105
70.98234109783897
71.98969473342895
73.04265555680446
74.00546263204546
75.00601572168974
76.02654265579572
77.00578347855419
78.0409365865443
79.04606164519498
80.01213306099748
81.00777304378566
82.015947574683
83.02665931523612
84.06055371465128
85.03650945806619
85.98646987421064
86.97671751068862
87.99097007987577
88.9980030231049
90.00166779103952
91.01115883553794
92.04436126967964
93.02233216921076
94.00099061512189
95.02601766667057
96.01088873617755
97.05131476268343
98.02129371402894
99.04603251022158
100.06263693782095
101.02832188130247
102.02388443710421
103.02085263652997
104.05403173649393
