38.434079434242896
78.24689306654868
80.64423899916788
69.78827964872993
54.86120693921944
55.85870471040511
56.86361860260454
57.89382000194472
58.88688401791794
59.88556489059682
60.8862953239341
61.88096800872409
62.890661413560146
63.88380583644082
64.88406292853456
65.88702547045564
66.88762433403062
67.8916475899552
68.87949570478762
69.88633215413796
70.8895374985606
71.88878641579963
72.89467449317615
73.89485791585113
74.8960054497487
75.89592148573847
76.890766583422
77.88967796547999
78.89766975526591
79.90352574500612
80.89739300126445
81.89517480562203
82.89504069769644
83.89479735984017
84.89746445731383
85.89868690880931
86.88165672629717
87.89440730324948
88.89956625779223
89.89830865587003
90.89746228171967
91.90282843410294
92.9057577010071
93.89834675941968
94.8980390786397
95.90495128242053
96.8981244740847
97.90665427629425
98.90245196368102
99.90696989565124
100.90625822680265
101.90577558289333
102.90438047294266
103.91549467804822
104.90222765929919
105.90129957688171
106.91588122271268
107.90966878096357
108.91122830748569
109.91613188632454
110.92384477065309
111.9148712848138
112.91390333998578
113.90702655408293
114.90351851066148
115.91578620092619
116.91183177095009
117.91153032854065
118.91818209083272
119.91755506411651
120.91965084467955
121.92141838839504
122.90679387831679
123.9212840013503
124.9182934462879
125.91414679907086
126.92826120769583
127.93021677268321
128.93375262517247
