23.357069960245013
19.02676514933794
46.26713336586331
39.77823887808261
40.176823861368774
41.182714688989144
42.19393663590835
43.182829312332416
44.16354839732387
45.18017481336821
46.16383124265929
47.177623761723666
48.173484261172064
49.192040873870745
50.17197895211687
51.170096913248884
52.18448137508611
53.17090785469997
54.18001199573877
55.17530823053011
56.189168594655555
57.17068290144229
58.189400429000045
59.18454241570093
60.180906994543804
61.17819744630694
62.170781072779775
63.17049299325024
64.16852890111075
65.1594941890651
66.17337082321477
67.1663769382182
68.17753446301447
69.17070827281515
70.17875449741905
71.1666967237383
72.1594554093236
73.17082709397255
74.17384269021258
75.15021085181334
76.16263098046092
77.15866384810984
78.16620731692304
79.13700327624828
80.12304025180578
81.15678772117234
82.14008853902905
83.15238808708764
84.15419527400206
85.13634920327301
86.16862482379673
87.16004828760256
88.16014687636516
89.13874814152604
90.1371623962247
91.156056454414
92.1583055071773
93.15571779564026
94.14433494243139
95.15375446611377
96.14858158940407
97.1384954967898
98.14864602150377
99.14312896695108
100.15912346334214
101.14209471311388
102.14208921438035
103.14859764600781
104.13141334098034
105.15347217997902
106.14370293466942
107.13170558748106
108.1436334117247
109.12481653099931
110.14545646824179
111.12676585292527
112.13458925211732
113.14454680676049
114.16982457541096
