41.42266110295128
40.96810910722523
43.070453134511794
47.78418313676203
65.6678894124833
64.66302708687441
63.66838011268386
62.659519280846666
61.673289835949205
60.67431529349876
59.66893188028194
58.64642934123122
57.65700387962407
56.635158527106256
55.66748349273675
54.661454591068626
53.655404058907116
52.66980802908279
51.66392183725649
50.661204232963364
49.66498683839778
48.65266260858236
47.646025328217725
46.67167023217064
45.65128285264551
44.658752763219134
43.67118935513976
42.64635691500891
41.66630365083423
40.66101920243426
39.663064828209016
38.65716462658731
37.63551722340893
36.6584907713568
35.66457463557878
34.663510537003226
33.657167693650074
32.668088034296126
31.64743179115566
30.66621140799111
29.65435515719896
28.6611159518908
27.65009610706909
26.65912594125163
25.661403036244437
24.64646091955056
23.668217868987902
22.643912552341163
21.67535066070737
20.670710521853685
19.675920215160865
18.647888141658633
17.67094612298029
16.674099196872486
15.678175605549306
14.656732541331452
13.672505720856103
12.672980972227142
11.67750260063204
10.666521104257104
9.661171975531659
8.681635697150668
7.678956856620376
6.675154968511825
5.674800057968371
4.673103571075833
3.6789559188768015
2.672948797731162
1.6704810253080595
0.6728952319932808
0.3019310979803161
1.3169124057932549
2.313425824072454
3.309206074826862
4.290476365630475
5.292340786900835
6.306102144585524
7.301874732983339
8.30899764513415
