1.0341126105805214
1.0431311528277392
1.2895925251922773
1.3293279601861683
132.26817085253796
133.2378539278254
134.25345254767672
134.22407379906312
136.11868073046838
137.22984470855317
138.12645931262875
139.02872793619252
140.1151391253866
141.1238023433205
141.96713759651885
142.95386208961543
143.95014655300582
144.96841610548205
145.83874281003622
146.85849042994903
147.87380780334792
148.7621452345939
149.71207484801852
150.74341809019992
151.8735878567615
152.62969711114326
153.5886670092707
154.71825211294254
155.6436586279751
156.6189827212453
157.57203445064988
158.6275248019731
159.51751678073177
160.5133551446932
161.48197438207936
162.55465078735563
163.40474000257097
164.48655734578963
165.47866079184604
166.48171048857324
167.3758273417661
168.45186202115678
169.49753168737087
170.38339273929995
171.38893378504045
172.3685554258415
173.32409054159186
174.27979603638312
175.2706397614131
176.3341541912607
177.1284328872673
0.5907647105169033
1.2715760813125865
1.4709331913230175
176.172990729287
175.14489919910662
170.76751531328046
173.23336460390837
172.1574675776276
171.18808138797147
170.27755114380383
169.17792938731358
168.13161247099538
167.31724005747074
166.22910945580998
165.1220209079178
164.19464552029757
163.24597023110405
162.1654559607774
161.25701557842902
160.28918377485707
159.25091748293008
158.1832438329483
157.2889623001156
156.2595046922284
155.29074845024422
154.2032735093556
153.29840891598602
152.35355869042994
