41.62469691474744
41.4336202978937
42.3210556912093
45.22418528456327
160.77803522021344
159.76098284775054
158.75152483937563
157.76549339959152
156.75607784315946
155.79515758199696
154.7796700648145
153.7798054588427
152.7377641609279
151.76499682618484
150.75386936975556
149.78154733281343
148.77540816833744
147.77293034471387
146.7953564153934
145.77580615605578
144.78105777855754
143.78439825494218
142.79031127006965
141.75573694626388
140.79242954410125
139.72283273785985
138.73033963632835
137.74434608283482
136.74089119638072
135.73170343878587
134.73760164071956
133.72243602486836
132.72399415842466
131.73576465372136
130.74749973891923
129.75764540508922
128.73961610492177
127.7609076245477
126.75180320059958
125.74409502044776
124.77801597308499
123.74131500839437
122.7290480895808
121.722855393741
120.73347207403653
119.74302014399834
118.7587457988794
117.73970741671396
116.75914023616524
115.75727716317704
114.74231516711473
113.77840254720229
112.73738546073265
111.73349669065921
110.75151763027057
109.73553108588416
108.71631556086145
107.73157615140495
106.76157177252783
105.74976481709093
104.7386970227141
103.75203170413366
102.72910421678172
101.74627381753587
100.71379034279092
99.75855248573887
98.74747931608032
97.7559056848856
96.75415470193302
95.73324104888839
94.75093868675154
93.7511503150231
92.72931455718373
91.71291624901012
90.71548358185153
89.76549348434601
88.7484541585628
87.7453896593632
86.74097263462852
