176.48186881679317
175.4804967716485
174.49730512107476
173.5090778500481
107.59222625965323
108.58843374159957
109.5925136032751
110.58527974855288
111.58141819604977
112.5819334672548
113.57400598545476
114.5830976884367
115.58590718924663
116.58019315602185
117.59164938164889
118.58328922661806
119.57619370036181
120.57127406585512
121.5727020626984
122.57626197061612
123.569122010492
124.55876631558516
125.56564792576033
126.55964318126648
127.55351961106224
128.54630699079036
129.5611297284664
130.56187761613634
131.5469733322494
132.55530061107987
133.54824764228567
134.55951684783145
135.5397368906332
136.5280318847462
137.524886456939
138.532396718425
139.50959014021882
140.52438224975913
141.5199020240001
142.5314944710158
143.53291681867998
144.53190329693516
145.54586286752075
146.5094695341514
147.54666416845618
148.51594954694258
149.5176580554043
150.53881333643326
151.53889381086842
152.49992473263438
153.48856028322487
154.50629298443135
155.51797738752654
156.49185946615404
157.5013303139103
158.45144226117418
159.452507061252
160.43761566037628
161.46913169113972
162.43123266871103
163.47342425098526
164.35066944216354
165.33809492470613
166.37071241194164
167.36253487777356
168.28047750292905
169.31655126805902
170.30445548989445
171.15956118490368
172.01223685861584
172.89067701300004
173.7865708135599
174.59918606744947
175.08473294664708
175.03282189664588
174.57277223773576
167.69468495971333
168.61402400860771
176.7934739601684
