101.13586038277492
100.13913922743319
99.14270552904193
59.81644329787434
137.36718486517992
136.36509590631417
135.35572883090046
134.39054249450226
133.38158708312037
132.35831003998018
131.38423750494456
130.39343415839843
129.35175262626476
128.39282418986474
127.3560397411143
126.35762284423915
125.3696541157966
124.36473170691777
123.3808801404278
122.37791522666683
121.37761371147221
120.35176148574583
119.37081559136554
118.36976826819357
117.3614022247543
116.3384379891957
115.3514581501335
114.36559957777986
113.36547729432668
112.38293365399481
111.33123755331893
110.3568054221689
109.32394395252751
108.32859689645394
107.32044316759409
106.30513411017309
105.32094152410421
104.26816643013213
103.30831879773275
102.30878902295356
101.31178240164898
100.30232254397671
99.31216925563452
98.32974380099948
97.3426488142172
96.3086922846788
95.3277378947385
94.31569430003768
93.31451406604306
92.30201304467029
91.32408421549829
90.35539421145921
89.35094097260222
88.33297016110967
87.36568686606581
86.34759767229899
85.32965328981837
84.31918391129305
83.3668714334617
82.36148952976272
81.33102329946041
80.35743199122237
79.34697945733339
78.36111067258018
77.37630911063444
76.35399269555256
75.34107052152366
74.34420326344467
73.33870771212959
72.33310850088759
71.37360140190096
70.34314206489256
69.34091123449458
68.36540998752932
67.33301485574096
66.33458495614435
65.3215853064528
64.32507876087199
63.31137694100659
