154.0113065366918
160.96277768236217
144.21295555759497
13.1570941681512
11.327872332670566
10.320817638885327
9.312124250601435
8.31281421311863
7.317472786731338
6.3302674907006455
5.324592588969965
4.32601078348967
3.321241766868443
2.327159871782591
1.3270133628424317
0.3220192625131355
0.6731640791542236
1.6700474142211477
2.669534986576309
3.6829970359268294
4.673371775422676
5.687028716107398
6.680454435242773
7.683386084716364
8.711158173550352
9.69102431530987
10.703848751550092
11.690513496560493
12.70433839883051
13.70059791046468
14.69273372852251
15.698491182381991
16.688396793406397
17.700223570923278
18.702516166970092
19.696935129490146
20.68161487560662
21.695087633397673
22.707887741335057
23.6939281864028
24.704785938888314
25.708274182788745
26.719089644287394
27.699049879943395
28.703186999056346
29.701886629456094
30.712219535864815
31.722498634012716
32.71648932477249
33.71397624373206
34.72076706306654
35.71747310034049
36.720392291234226
37.7174467147097
38.712168941146075
39.7313616602229
40.72025140423783
41.70842265998662
42.71827527955914
43.7174108426402
44.72559843677524
45.718943851833494
46.72645560885834
47.729503701077405
48.71644774127793
49.73337798490571
50.727554220659655
51.72100847198094
52.71585124863286
53.72621406557738
54.737491053659575
55.719309816547
56.723101785538915
57.71899625388444
58.74310906582841
59.741112456487436
60.73101039751635
61.73662164059117
62.74417700109927
