101.97361768618461
67.9040224122735
103.97538749344729
72.13336889748282
29.827705399514343
30.823108831957228
31.830668057510014
32.82049694888887
33.85542371959424
34.83493932147658
35.83330977900067
36.818197162246456
37.82770222880313
38.82681826803662
39.84999166995976
40.83012250235215
41.8461192139803
42.854787532411436
43.828596756416694
44.833869783770695
45.84087646808633
46.826014308717795
47.84313153890865
48.829729126844796
49.826661091537424
50.838401319878145
51.8226547134992
52.81370643728749
53.842015592312734
54.82711036928392
55.83847056277993
56.82327327950673
57.81913046694634
58.83173797106234
59.84430707208715
60.83637180452928
61.82233784011667
62.825070007884804
63.82450153460615
64.83108795007516
65.8233802662959
66.82688897295496
67.83625428156473
68.8011373734954
69.8158419095537
70.82877415891338
71.79982301280177
72.82283843714545
73.80681876788796
72.00137616494565
75.8172594175027
73.57952142449021
77.80531915339321
78.83480574447516
79.80919111552134
80.79992178449446
81.84096576931327
82.82985637355614
83.81720840150226
84.80965127386399
82.1909010686906
86.8297012062159
87.80257276678952
88.8323370628417
89.7981239897157
90.81150068371188
91.80463563729154
92.80570420598711
93.82637030655314
90.1625589549804
95.80931805322767
96.80118763936493
97.79521914919101
98.80613395820394
99.81304749669373
100.7821762993075
101.8036630100052
102.80196264751757
103.81190035930518
