176.17979491867047
177.10185746307738
178.1160289945811
179.0925977818652
99.34029081474948
100.355859061642
101.36296928525404
102.34552342212295
103.34950256132262
104.34238762109203
105.34888329912935
106.3540668165905
107.3415958873551
108.33244012018612
109.35578523936611
110.33990240855073
111.35352245677164
112.34985881194845
113.3462295268571
114.34054318973621
115.35563169258062
116.35620785619497
117.35931946447735
118.36241283768389
119.35456489128094
120.34768768455736
121.3425584037106
122.35768788092875
123.34878733227356
124.34955897078059
125.33797711061813
126.35531711762516
127.34093197369413
128.34957239056627
129.3580640245011
130.35415709037423
131.33923726719334
132.35491496187248
133.36053095649189
134.3644152058297
135.36552649294276
136.37068667775185
137.39480340323763
138.36029030746357
139.35744924046037
140.3481745136672
141.36346402075773
142.36309158808845
143.36467368190927
144.36612522059224
145.36583237664905
146.38343193705956
147.36590203866513
148.36483812239103
149.3731349974886
150.38295788638155
151.37049815983
152.37622104225971
153.37638171760253
154.3710414514529
155.37441934206342
156.38789184059945
157.3827374078039
158.38314755704474
159.3815914457747
160.3910741659251
161.37806882528105
162.39123469836144
158.10261117549047
159.30800635859384
160.36344951834195
161.38761619375035
162.38179096418327
163.28295371706534
164.42470813979614
165.52400671644838
166.60708065316814
167.68744114765374
168.82863352843958
