86.49491319159586
85.48944770462877
84.49704633237509
59.08899587397598
137.0863791900918
136.0503597929576
126.14853906711804
134.0638572639334
133.066160693393
132.04664489362588
131.03747648183284
130.03498356092916
120.13601326898907
128.03919279451688
118.12844377679072
117.11059442158557
124.9984869806033
124.0218500117174
123.03736119106267
122.01855639897032
121.01837181920064
120.01524799881048
119.01780501668107
117.97369383683115
108.09267927265117
107.09761551328515
115.01252435648254
113.97927057659399
112.97754695640306
103.11218177691964
110.96537845710905
109.971299211786
108.97586490497633
99.10200457310748
106.98090901230537
97.11752954366793
96.08528987232054
95.0773257789191
102.98523455337538
93.10310260087498
100.97695916519407
99.98302887939847
98.96113257114844
97.95857763684216
96.98079732944421
87.1166605770163
94.9676405183961
85.09900371455777
92.97632613189562
83.07641342733453
90.96206367060962
81.11923847934236
80.09329702151933
87.98536321751153
78.11560830244075
77.12177748249219
84.96386355360573
83.95214195070572
82.9757118405836
81.97135506438407
72.097064791575
71.10161217426528
78.96585021668525
69.10665991086216
68.08302113778194
67.09887696440346
74.95814493851846
73.96496821309768
64.08486630974512
63.08709459339436
62.08690308684583
69.9264015038217
60.092279204826625
59.08650213730082
58.09832553272669
57.10229613703723
64.96492460739579
55.08245897655201
54.06497315554404
