88.43019889898741
89.45211702529035
90.45030028777715
101.30130011868167
23.416710154825395
24.417211432799995
25.424331020550838
26.412738283370423
27.411172170795574
28.41192969939205
29.410335726203854
31.95191553970263
31.405266807007546
32.40671170298725
33.4105618828609
34.413517141247276
35.413988516589704
36.41657414731903
37.40524483356582
38.40676525761864
39.42087312770987
40.41669682601776
41.40837138086178
42.422981293122696
43.42836411446718
44.41983180457382
45.42079173392185
46.41963727488145
47.416566223880295
48.414822699767655
49.41748853708786
50.41176484304252
51.41655282962479
52.41941800416512
53.40196559257223
54.408158201493904
55.407885205617966
56.422121860662884
57.41364326195796
58.419897837954885
59.414011913491194
60.41407922033349
61.42212310630919
62.4146521312328
63.41650795471001
64.40897386623251
65.41765512264254
66.415092106099
67.41400823798251
68.41812902429679
69.41697813096397
70.41402226152174
71.4128279268029
73.95357524439456
73.40786186535497
74.41175605366162
75.41728375374643
76.42175113322942
77.40146428546448
78.41783769507748
79.42513739244096
80.4084008309289
81.4032607657655
82.41140247107036
83.4131141191058
84.42257519798426
85.42596534815527
86.40256394598434
87.41308682570553
88.41180961811574
89.41229304661479
90.40184021062355
91.4012039679473
92.41579410104772
93.41345102312614
94.41030116136068
95.41633275977092
96.4135892679382
97.41581270397178
