36.73309447592962
35.736866283009185
34.72236496573903
33.72801080353731
111.76871938536813
110.75786044591756
109.73993042748792
108.76684293162123
107.75615140000646
106.75553556351146
105.76610466571049
104.75291865529772
103.75118768314977
102.76323274440153
101.76375406356159
100.76980265310922
99.76920569843645
98.75952944360053
97.76976130937244
96.76314483110203
95.77064260500569
94.76291802560205
93.75426295966149
92.76173322309693
91.76688045432797
90.76487459087659
89.75160505423062
88.76352304106136
87.7639945812155
86.74856875153206
85.7631076148191
84.77205493471406
83.7738378689098
82.77016746521367
81.76898666401061
80.76659631722359
79.76972203296154
78.74741200315181
77.75987676285077
76.76390762244928
75.77996111082425
74.75613582718454
73.7646454420446
72.7682181034389
71.77508353969289
70.76369288870707
69.76039600274109
68.76182604618407
67.76112219493726
66.77556813732994
65.76498307181994
64.76912183027204
63.77325409030179
62.765413598626466
61.75907675866224
60.77414379985569
59.76840260579501
58.75593033732495
57.76376595044936
56.77517968268504
55.75846390499419
54.7739466501558
53.764416317107475
52.77056800595647
51.76784624330401
50.75698514796189
49.77046562212987
48.77088503195984
47.76667549780674
46.754461335287395
45.74825315129529
44.76235626614539
43.77363942975453
42.76138943213488
41.74177764094741
40.75790447780692
39.753446982865746
38.75606826126755
37.73436902248193
