175.63048295901015
174.63301807643722
173.6188029463436
172.61203071851747
108.52233908667475
109.51904637461108
110.52602463043927
111.51663793574109
112.5205656028969
113.53212876355943
114.52002272170567
115.51514855395428
116.53533747221532
117.51965385911667
118.527384425436
119.52848519506323
120.51252010093954
121.51583563624668
122.5088258037008
123.51394012292191
124.52012815577099
125.50901584212862
126.5047247600142
127.49960827025055
128.5137368151974
129.5065786114842
130.50272692979496
131.5029957539123
132.48551140553957
133.4923276097661
134.50486107780887
135.50258524788788
136.50706698140365
137.50888661511664
138.49571156581578
139.50611922110332
140.507882875541
141.50919724484316
142.50882239394443
143.5061059295963
144.50280192535706
145.50715029322163
146.53006746269838
147.50597259913746
148.49699903777946
149.50476437353834
150.51268773058305
151.5136037041342
152.51438622142183
153.50057487932494
154.50925112532522
155.5141425997874
156.50059407512992
157.4973150237958
158.50847283689458
159.51216286259
160.4993400860672
161.50427810253095
162.5093112989034
163.52211004442043
164.50430717708127
165.4969811185597
166.49456708399035
167.48714078550694
168.49911262822962
169.50095315074725
170.50625574282822
171.50923284843432
172.5195827556782
173.51895632141546
174.45187620900057
175.5268635521533
176.45469343689163
177.5368760079088
178.4523023866997
3.004468683777985
179.45440553532188
178.54353219393528
177.5387473225085
