174.8923468539811
173.89830318082983
172.9067997238808
172.2395004690724
108.51824939404725
109.5162430307736
110.52159061073216
111.51212628134002
112.51737872283476
113.52675442345532
114.51515218811453
115.51156003499386
116.53146846507984
117.5151530912537
118.5243181520494
119.52296128872071
120.50979525517913
121.51024274680164
122.50340716781054
123.50690702745473
124.51461682787456
125.5046935974368
126.49793241047186
127.49273956423814
128.50886011901054
129.49974386166787
130.49585845791697
131.49524179353162
132.48019510153517
133.48464600879518
134.4988456565733
135.49547515822064
136.49962651455502
137.50079220597115
138.48960537290387
139.49739288655664
140.49876671958802
141.5011216334105
142.50079580602585
143.4757598720139
144.4720542546133
145.47697015012153
146.49615672192337
147.47007864771763
148.4609069354619
149.46668851525357
150.47629532475656
151.47357443834107
152.47300119162603
153.46096511882604
154.4653833181795
155.47114158585853
156.45447571363113
157.44807840396336
158.46114579286058
159.46010235545847
160.44126060213463
161.4435766115701
162.49060177206587
163.50105805180533
164.48877027741318
165.48482980533436
166.47738034936054
167.45850130228254
168.46984053652736
169.46644784676218
170.46495278861036
171.4626558448816
172.33268225105766
173.28695275818134
174.2627174986385
174.90953155040725
175.8849184374589
175.26356433458156
175.4072112284357
36.587978322812745
169.5728587285055
178.44228456497876
177.4621646179766
