137.7105353565209
138.4360572897899
38.932054053956264
82.54540148617528
159.29446933297905
158.30310165634344
157.30704392665928
156.29091518736467
162.27300309550083
154.29798573625732
161.02160563250058
152.2761788751092
151.28058052274596
150.30437808355646
157.11414311936903
148.28917051633923
147.2942157387145
146.29270398513356
145.29780799381487
144.31126877153102
143.31702859403183
137.54190629119
141.302620835459
135.32076388680346
147.73144563976456
138.30811369060012
137.30017137944327
144.34335338697122
135.3076745632318
130.19223005682144
133.3004582824937
132.31273952828835
139.30201659160684
130.31640764944527
129.3113002564208
128.301857676372
127.31429893055085
126.3158008973901
125.31583913599019
124.29073962684713
123.30409701906389
122.31470107403791
121.28624569201799
120.29325139347299
126.81340227570612
118.3071847191862
117.2989789455461
116.29266846797631
115.30386726083401
114.31266871927619
113.3073727495033
112.29629498095375
111.3052934350251
110.30723260323101
109.31698351936805
108.3210740289197
107.31484311331651
106.31179997477794
112.33122476760032
104.30799408122647
107.63989823195786
102.32499986697475
101.31502033359567
100.32197935483097
106.02159314765436
104.9108202522067
97.30891002335713
102.42465610926511
95.30985809855963
94.30205614090252
93.31355367695286
92.29443131255769
91.33308901127299
90.32533727879134
89.32901514430732
88.30742412085155
87.3080091461802
92.89610282160781
85.3285993386187
