97.92350518032822
98.93162485466124
99.93584157424874
100.93141297718357
170.15145342075954
169.14681967448033
168.15370855574136
167.14984723850077
166.15775777992584
165.14565079772007
164.16047767457957
163.15837009946955
162.15571640992027
161.15789351025026
160.15434692389277
159.16298556479472
158.1657161303827
157.16567010625013
156.17014304260945
155.16910059931195
154.16355783637496
153.15056987345073
152.1487963245861
151.14939786700816
150.149148469767
149.1526914606725
148.1359291117751
147.1449332846521
146.14925357678223
145.13578928014246
144.14704228052676
143.15081976762724
142.14398578527428
141.1455775548041
140.13729726577304
139.1486154387535
138.14530808580315
137.15843106035084
136.14455653578148
135.13917993326302
134.14455285108392
133.14551479467977
132.14867723213032
131.16149924551885
130.1453561996146
50.84594863690801
51.84671159062355
52.84548681989121
53.843203298132586
125.15600689617033
55.84462849963569
56.83131204593467
57.83575051699217
58.83694085662871
59.8437861008476
60.84103540085055
61.837959416800516
62.84537337404318
63.82827562601674
64.84238209676886
65.84869359643726
66.8449590249933
67.85055223506303
68.84068466641757
69.85014008212626
70.8774178596147
71.84533400481767
72.83780484665495
73.82442963378752
74.83321253456432
75.82997239798061
76.82856841623139
77.83146159222069
78.82829591766254
79.82982718961928
80.8304602237882
81.83559793546642
82.8415068835377
83.84078551541363
