36.72229576248251
35.72808433539122
34.71282354493081
33.72733986978124
111.7602406286471
110.75388009406112
109.73176836875338
108.74805456733598
107.74413199005542
106.7317016686886
105.73059481402049
104.73403033665795
103.73437908662629
102.74293575044148
101.74931022129175
100.75257960125762
99.73146245165358
98.73044095588926
97.74722220008357
96.73364421824023
95.74993137394536
94.73967429834329
93.74761083639493
92.74657068463843
91.7387169067064
90.73810581398475
89.74510502293194
88.75149492489852
87.74853881103756
86.73521954788524
85.7409024680859
84.75393604714179
83.7378392631865
82.73554021652076
81.74409667044216
80.75408932007454
79.74422074434989
78.74385690030897
77.73687176967618
76.75287339689953
75.75666379398751
74.73180282378038
73.73428429962841
72.75478536797768
71.74514717602473
70.73890313110361
69.74456188221987
68.7275446166008
67.7439764437676
66.75461540331129
65.75453168136114
64.75588062714374
63.75519699810235
62.75476892057986
61.748010515337484
60.73666552095057
59.741964545752516
58.74732215334125
57.726862025735976
56.74632115591192
55.741596524656586
54.74199484192806
53.73256888599289
52.73060561689483
51.73675532653741
50.73740868081759
49.748561775878926
48.746414528283964
47.740625517381254
46.74237084101965
45.72643003397614
44.743146293915494
43.73535082773098
42.73333008288704
41.73402503624131
40.74454282202252
39.738870005832446
38.733230101374566
37.730882106371325
