90.13495058744293
94.00373415202714
90.64812978445691
40.162361370539394
116.94829750976112
116.09810599154143
65.63909848190717
66.52117112055741
111.15550376876884
110.58375426416227
69.51161209830441
70.5531131530398
71.48266420696446
72.53921890488957
105.41269026576578
105.59527883007883
104.55301436710732
103.60168294720033
77.61246943002259
101.48444281128754
100.56352447053715
99.40351468285594
81.57467484900533
96.2850443100264
83.51327000932432
84.49410258955191
93.45031490933927
86.41545292637026
87.55354170471864
90.25554836399787
90.03977830529605
90.49667915937846
91.4467198591715
92.46531459958686
86.17580504097758
85.15236682619779
95.49568457076626
96.39171605902582
81.60180003164277
80.55446075980431
79.22858361261665
78.32337793994192
101.39447450748989
76.03803375869718
103.40432198335596
74.86438492029389
73.90229825024231
72.91510070436993
72.01529473139819
106.02256020252469
109.4327605079408
68.64819943657088
111.32591196750924
112.2241865394355
113.25355274294976
64.49889479975025
63.06861659633213
62.351085201987836
61.65039125437537
60.51054586238377
59.63045400686514
58.74406254453044
57.698746717562614
122.22928592935098
55.69757604971573
54.61787918593014
124.85051193634352
52.702181184491714
126.98910332921754
128.14472988336948
49.69606870022185
130.05987053528185
131.0832875525467
131.6821036185478
132.6674244064317
133.71597893789587
142.87488620134917
135.74392386488285
132.18917377402983
