63.72175756029304
115.26726522516037
65.7285600102662
99.31979363552114
176.10494245200485
175.1677176699083
174.14329493901872
173.10926788991446
172.15743784861556
171.21712492253658
170.18690581660175
169.1199049130672
168.10727874503556
167.14228538024307
166.12129601107972
165.10932965393505
164.0928889899621
163.10221246796502
162.1627756662009
161.12833346224534
160.11360692355163
159.12739500465278
158.11413000728166
157.12185509041893
156.11567736707258
155.11933951088105
154.12656369280248
153.12594288068425
152.13325786453527
151.127129436131
150.11304186632177
149.13036845668555
148.12665788090283
147.1326249554589
146.13309369253932
145.12775569740668
144.1313914665259
143.12737683900662
142.13363761849527
141.13275511165338
140.14996855150494
139.15151959791993
138.13874074930456
137.12040841164676
136.1045317907835
135.14063799932714
134.13184209636015
133.14749831515553
132.1502508244315
131.1472478411136
130.14341968202888
129.1434993244741
128.14046660333153
127.13390798450506
126.17427468068571
125.15812820256261
124.1493643510369
123.15460854041525
122.14622883393022
121.14587736261137
120.13162528550653
119.15139702443426
118.15090294834572
117.14917614287292
116.13449953383244
115.14265023079966
114.13308220505333
113.14032208260632
112.13149425280237
111.1464334841007
110.13942151962598
109.13143031663898
108.14300246258473
107.1424657803216
106.13320703067505
105.1404262933451
104.14272658979183
103.13478627049551
102.14254510748752
