36.73276351679848
35.73722252716543
34.722476921170745
33.72850715014036
111.76993598566287
110.75818620815181
109.74021377318903
108.76744961401833
107.75681890716193
106.75677771476568
105.76680751414928
104.7517444855348
103.75225006535203
102.76383234275642
101.7626758271455
100.76971734670444
99.76880182477593
98.76103395301541
97.77152295032982
96.76484199700758
95.77069774812165
94.76157153830306
93.75557358695993
92.7629629014915
91.76692477277757
90.76188616959658
89.75340481161514
88.76522845373502
87.76184646668965
86.74807726036632
85.76067258396033
84.77189660756264
83.77728346971406
82.76455211855358
81.7709389315001
80.77117950238171
79.7715359102101
78.74685560254409
77.75945090922689
76.7643936942898
75.78015786186984
74.75476126429835
73.76545428095449
72.76700671955366
71.77281394675353
70.76593879450918
69.7614150351068
68.76192795909574
67.76058081390502
66.77467991737332
65.76523844998201
64.76958118791337
63.77248760856021
62.76485330069748
61.75632858007301
60.7750322774108
59.76706070513754
58.75519884079272
57.762552438399986
56.77397510788171
55.759266638290015
54.77428694939833
53.76511787765655
52.77116232715897
51.76878931773662
50.75624583514648
49.76978136129154
48.77205371561935
47.76759408467302
46.75554422606573
45.748190497075825
44.76200532804489
43.77376212612923
42.76010532801088
41.741822435087045
40.759409067434056
39.752696253071896
38.75668685397118
37.734005602524775
