16.48860567180341
17.53257475102351
18.477005405709154
27.471432637846416
48.34871194710148
47.357930353898055
46.34724647508574
45.37917802996423
44.357166049836785
43.370495533918124
42.36537340445703
41.360441478810735
40.357026305038204
39.358256550924324
38.352547789516954
37.34610613324035
36.348275305053605
35.34965538528921
34.348786564918186
33.33882883608262
32.3379715012391
31.36960819508227
30.35311035093772
29.35651818436314
28.353592673844755
27.351865099732926
26.332384919429142
25.341409439352308
24.34373593241946
23.313702456833916
22.33449432273109
21.330357298425398
20.321784324794617
19.348123176948533
18.3614700790692
17.339909534645116
16.344773413025173
15.342067026719667
14.339491761924318
13.334522832653812
12.343080420321101
11.352157817131028
10.328034586421264
9.345362782593241
8.317363702617744
7.334933050532902
173.60588465067593
174.71023710451493
175.7097957488721
176.7085381980839
177.6852775220269
178.6551978468587
0.12126134787011274
0.7525714728017989
1.7425600967557764
2.7442869468813527
3.737421242792032
4.742203295386644
5.724475718018156
6.756243371807259
7.755246454912141
8.743285039629631
9.735224948223081
10.752612247556122
11.745034850684172
12.753162887360716
13.746172460878398
14.753193468539243
15.771491765946323
16.75881456653888
17.75258237192546
18.758700402772675
19.779509327965098
20.755976777536084
21.772048587430106
22.75446288244909
23.763393536437423
24.740464705459193
25.76777042838123
