83.84351682827841
54.117483814240124
60.72073052176165
32.46363792809029
51.653285209099664
52.659534111921424
53.654635017020304
54.65353506505174
55.635390085603206
56.652327418972625
57.65394409520596
58.64594501495857
59.63899757952963
60.657042015096515
61.66808146377346
62.65269607682932
63.677883073372456
64.66105160538913
65.6674034684697
66.64929776186116
67.6327220135289
68.65790320477079
69.63693455773652
70.63218796418717
71.64229949431085
72.6512715843702
73.64274109673558
74.6419839039167
75.65927869286689
76.65362073728647
77.64035843753628
78.6491635559567
79.64873185362174
80.65932541657452
81.63187206979875
82.63902692961118
83.63035531999158
84.63753466769958
85.63412088666448
86.62905964779497
87.6415397238653
88.66381805641169
89.63438437656326
90.63656534296472
91.6601726904989
92.64521903608292
93.64195121295339
94.63252173700442
95.64768681731665
96.65363271871803
97.65144605672609
98.65325071665663
99.63941668360907
100.65930229781308
101.63522801445603
102.63265492502688
103.63676737491704
104.65064734869506
105.64334055974953
106.65109012206234
107.63340902206679
108.65456637866372
109.65617311219135
110.63227135982133
111.65105868572806
112.65511896436425
113.63186802999532
114.63761112213476
115.62076148657445
116.6478079495142
117.65587907808107
118.62244983046703
119.63237936285239
120.63933570897629
121.64191032201491
122.63960443987246
123.64231909720272
124.64527401987513
125.63552922186778
126.63859793313664
127.63585739018153
128.63699203924506
129.63607740658676
130.6316555536705
131.6553350547788
132.6423944275583
133.64055832756563
134.6381057488276
135.65524950924842
136.65163745753793
137.63573113280802
138.61881698560188
139.63680001932235
140.6426841556126
141.65962413953983
142.6289199926769
143.64730196249442
144.64005738020882
145.64103538780284
146.63326681703487
147.6340575160073
148.64240963034177
149.64385995516378
150.6558310494393
151.64343588087615
152.64286340914472
153.63978226938812
154.64407971646895
155.62926202046054
156.65755785986607
157.64229837326303
158.64283862860518
159.65389471587068
160.6418038546207
161.64732817399505
162.64464721765108
163.62408346488658
164.6475742121032
165.6621694177425
166.6358533751699
167.6551084891512
168.64276313939857
169.67501367283734
170.65843987298075
171.62753368470874
172.65390267407435
173.6506151233381
174.64661750352207
175.6681965965809
176.62608025738348
177.7010864325128
178.52874489808863
0.3668431835021534
0.0468206053735524
178.3218905683158
177.34828752112983
176.3384944676384
175.352962511981
174.35617765629237
173.36102416608088
172.3515875020514
171.3786430077498
170.3694987277064
169.3909251481497
168.38385021764017
167.3575304807241
166.3410864598165
165.3687052662111
164.35491586949865
163.34846150338055
162.3475502179111
161.35029820999503
160.34612833515445
159.34528750904818
158.35839413384883
157.3704827157616
156.34016918086178
155.34289640455313
154.33230191117642
153.3713536075485
152.3461271097726
151.33753189745164
150.35033005884907
149.33848190047365
148.34233871640384
147.335712199665
146.34974858388117
145.3367793259163
144.34722214378976
143.35290038392887
142.3475872719484
141.36440376846048
140.35601250303824
139.3193534015436
138.34465466340941
137.34088142612003
136.33281992104767
135.3520392475039
134.34057889012885
133.3548362582834
132.34284440246438
131.35459297251327
130.3534276395789
129.34701459242837
128.34161698942256
127.33735276538896
126.35389277513237
125.34176550203806
124.33381324015518
123.34808056877127
122.33583538158403
121.34225640652532
120.35480875540155
119.3310675734603
118.34711279340226
117.33809695117455
116.32586268494958
115.33208922368688
114.34473649594808
113.34153470113228
112.32835234681636
111.33921279869601
110.33385125074795
109.33943859760586
108.31997330174532
107.31997237826786
106.31851078971775
105.31967447648844
104.30523343429283
103.31807497850615
102.31202632893611
101.33084144787227
100.3132817255989
99.33094886427062
98.32970353013498
97.3525657363786
96.33876613916115
95.33008901908813
94.32822015151649
93.33152269916405
92.29821529030094
91.31131483816654
90.31930138158012
89.31542401766197
88.300966486668
87.3295033781534
86.30057874748344
85.32634836530782
84.31521910864993
83.30635828303727
82.31531400886075
81.29772361348829
80.29886123630348
79.30169717672358
78.31241101859462
77.29160142008774
76.28929712081383
75.31020120882107
74.28540293971444
73.30152589250652
72.30955087960963
71.30646501659973
70.32275090803334
69.3188985182722
68.30703511826512
67.30428338479524
66.30838732051554
65.31709963682599
64.30978562119107
