5.436511216672534
4.4250445056147525
3.4396527783700233
15.845124057335164
7.592505969150951
8.591390803648753
9.59669173241604
10.581550459694306
11.590922181260227
12.588753615519181
13.589565063485958
14.588757120481521
15.587421471477112
16.583782051012864
17.593220180666183
18.581954990430454
19.60058755087678
20.58993198531518
21.578391798792502
22.58335513319952
23.595096418163994
24.59830601565837
25.587394207514343
26.596983381043074
27.609232489826645
28.587993307836378
29.591946591449506
30.591701361296973
31.59651620522392
32.593970284509844
33.60610401317559
34.60029389815368
35.60599529665476
36.601577323250076
37.596689727319045
38.60035787272254
39.59695098935201
40.6074017326223
41.60613003393103
42.606598804246396
43.61025963958506
44.606519912463796
45.62626402632096
46.60428383125055
47.605464642302785
48.600736200589814
49.60527039595327
50.60302811875027
51.59200293182027
52.596818184630365
53.59318682518772
54.59894121042242
55.596297998365664
56.605978181077276
57.59559196418117
58.59615404708837
59.606679154413555
60.62073043826866
61.59880208193986
62.60972374565403
63.61783310356865
64.6050574524722
65.58949268133209
66.58920575059409
67.59291702519573
68.60592986958811
69.60177283799726
70.58951424383224
71.60456894886818
72.61031517071386
73.59469437323786
74.5976963827443
75.60582693218167
76.60889532354355
77.59656490446162
78.60227344779287
79.60973041305
80.6058688220964
81.6140380535824
82.59933234572073
83.59888187518959
84.60247139347912
85.59449289163163
86.59347103949267
87.58620403846837
88.59635713889101
89.60525935358156
90.59967726498556
91.61609327822387
92.61096380012798
93.5923132118389
94.59349594585177
95.61220924189969
96.60259805116914
97.6057022253344
98.60699345413691
99.62002032295942
100.60542487512632
101.60558633829191
102.58548620198293
103.60978828690935
104.59494009964524
105.61440708442768
106.60457349318473
107.61146970314049
108.61410952577106
109.60837724244543
110.61254612543141
111.60262360684324
112.61577370006528
113.60657622850434
114.60218554604651
115.6180087998911
116.61238500807086
117.62170463284676
118.60840840735011
119.6246614799244
120.61992910785783
121.6223630406583
122.62727085648683
123.6033196384282
124.61850803230088
125.62027857630653
126.61239535059121
127.6253485886921
128.6305637224046
129.60645475950415
130.6024781200565
131.62207221692455
132.63155244373198
133.60975205703213
134.61641447187844
135.6411893456976
136.62170959524772
137.6203417659176
138.61638830789406
139.6044990891146
140.62172414047728
141.62071235764896
142.61007418977152
143.62492842378103
144.6233715262194
145.61378350902123
146.60442253170189
147.6189269861891
148.63264871521912
149.61178070642447
150.62689115966853
151.6150411979655
152.62112277380854
153.61690728437483
154.61928583477928
155.60290590165616
156.61688265409035
157.61952320247258
158.61943185042637
159.60946270558432
160.61740847413017
161.60124798385792
162.60434257164147
163.60550855434025
164.61936273298048
165.60180260415422
166.55527663063407
167.58647400643045
168.60654245204765
169.57530655060236
170.58214965846133
171.61142219848924
172.59514122693426
173.50620010447366
174.52886160794455
175.54511542301563
176.56937923682304
177.58731487488419
178.51908503068006
179.5374878397497
179.35192644362476
178.42468176714831
