82.97131383895822
89.38182097531123
87.82626748749043
80.01484732923215
114.3786859452786
115.36412603899892
116.39841690509886
117.37997292193504
118.36805875598566
119.35413258867898
120.35506595638552
121.36836598758666
122.41908356541995
123.40604394333054
124.42000322851749
125.40779559563413
126.34081681775682
127.35646123913419
128.35444760098562
129.38273505055122
130.3640327485748
131.37045910818642
132.35855669731097
133.3708280821392
134.3594794690638
135.3533202657149
136.35176429389702
137.36914880247807
138.3664606634298
139.36420764227182
140.34246314566707
141.3669965812456
142.38048033681994
143.37291562846116
144.36266062219318
145.3579564039576
146.3575750067101
147.35087670910104
148.34448219257547
149.36182759076354
150.35317524563797
151.3919138515309
152.42979412678068
153.38778450769425
154.3785346128165
155.41869034946419
156.4069799903414
157.4231958574741
158.4283051270971
159.4217426848112
160.4342918228096
161.43791952494325
162.42447694965986
163.4324987370876
164.42693405127196
165.42806003486027
166.4287024552588
167.45172845449713
168.42959263111928
169.44229808540695
170.43469782676266
171.43413062505147
172.43893546711658
173.4583586925195
174.4634332078377
175.4340337879687
176.43611397461183
177.43146296976786
178.43177699634845
179.4437168465732
0.03480486724915916
178.32062713503854
177.3686066262875
176.47452617791325
175.46889763023378
174.55741575038323
173.60670611872965
172.57423476323655
171.54271416222295
