150.46060178925387
149.43646581748652
148.45579814641508
99.13277977097955
20.233506132631565
19.16707220352337
18.191828829568838
17.183753956267662
16.206899240359483
15.165172334237976
14.189243876584312
13.185290837753207
12.209483724402387
11.211106866966302
10.203926630450354
9.188866495015114
8.19349097020832
7.213187306840848
6.206525424423565
5.18107887644713
4.1992626554848345
3.1974325348383443
2.193174818212612
1.1869023951076982
0.21626828040615512
0.8173813802996439
1.8354413275177466
2.8196653565671648
3.782421792032855
4.817142901906853
5.806189090182225
6.782818841435424
7.775975751257702
8.797234970217003
9.77372981890017
10.786092419443431
11.75877189919846
12.782614391395578
13.775205974852211
14.79666162518731
15.77845790625139
16.785364656143344
17.784660359390756
18.779831548144717
19.767878632107493
20.78391157762782
21.786657476473113
22.786962075441476
23.75864361906719
24.76211367503492
25.77162952992688
26.772081998645387
27.736431177332282
28.758660340286305
29.743089396175314
30.73657566022766
31.771915175265722
32.74235201897175
33.72512301651652
34.773191082174904
35.762787828869364
36.748393633252
37.742079812949704
38.77374525237376
39.80284752140006
40.789192218474966
41.795666586957
42.76805671069158
43.76595165457512
44.751418375262816
45.76142052919313
46.7631805987493
47.76155948669903
48.741549815245016
49.77069114615717
50.778606319090855
51.73955222693669
52.72912252185964
53.72781282070185
