36.765848761899136
144.2350796528237
145.24598856822044
146.24020376024333
111.79974661848495
110.80118655404347
109.78498356622147
108.78967776281183
107.7961451377485
106.78012065106347
105.79219919468503
104.77957034088284
103.7840569562771
102.79084253927005
101.80264344510856
100.79395408006367
99.79615663336268
98.78805602381821
97.80077426527149
96.78073088236036
95.77819557549564
94.7862973775447
93.79327344956008
92.78620966993434
91.79887172755657
90.77580092805329
89.78201197484381
88.79496694937298
87.79055876628247
86.76970962588004
85.79825573031563
84.79045146321494
83.7950995627333
82.77879734561348
81.791238933562
80.78018424559389
79.80398732760278
78.77493617470374
77.78903610747675
76.78070821393743
75.79108338777782
74.77570329587516
73.77346865836599
72.78524540859782
71.78175903597733
70.78228189926067
69.78717986834845
68.76945310460793
67.76854855683412
66.7826187255741
65.77917271040816
64.78557274139075
63.77961040745139
62.78737523577891
61.78363275235452
60.772673514516825
59.777185198441245
58.76962918541249
57.789749791130134
56.79611062698757
55.79369190342177
54.7898674181906
53.786152043891384
52.79468791060166
51.79100906574624
50.789748469011336
49.795634579551574
48.786984798213055
47.795046738370615
46.77944597709112
45.78007726960257
44.77758068715679
43.78796572325077
42.787795829945075
41.76041179470343
40.77966917823638
39.778019457368536
38.786372862451934
37.77793292280086
