98.41003620377587
99.41249619303639
100.4126273771487
94.03395600823607
124.40083679709727
60.22073128522508
61.22636082091094
62.210205076728165
63.207585811931445
64.20668538596817
118.4277877262611
66.22122700934652
67.20288030917338
68.20372987635157
69.21427529380173
113.40405382531235
71.21334286338866
111.39235233224484
110.39827226134439
74.21999815052548
108.38416110429262
107.38761257539467
77.22109237588754
78.21823967937404
104.37858210776642
80.21347397856485
102.39916757465478
82.21511799770516
83.22638113151329
84.22489376005406
85.21716314516544
86.23119838065674
87.23301792062661
88.20834753778176
89.22220432632135
90.2186349504987
91.17991359795235
92.18565811459591
93.18453047418383
89.45647553565844
88.43252711596537
87.4240196469272
86.43075654765735
85.43465029715776
99.17772275815642
83.43478541619528
101.21189894688145
102.20723693512872
103.19991577748358
104.20938209430645
105.19474767294503
77.42379635128137
76.43357099790073
108.20758581193144
109.17905597937312
73.43694187977478
111.20452984811797
112.21399722932756
70.43032040788762
69.42958891657057
115.18385713839491
116.18960662958848
117.17101205305327
118.17613503506145
64.45765365493472
63.44151104818121
62.4241634129014
122.20622488389988
123.2080076810247
124.19705779952827
125.20490251803348
126.2001290878253
56.44272212455279
128.19470027409477
54.42671506836019
53.43329929023808
131.1892298207976
51.425822794617645
133.2121573088683
