89.37681113929803
88.39446788588565
87.3814487240654
83.49228875416912
161.51652181799096
160.49683816193553
159.50964212751995
158.5223295546208
157.51827930349873
156.49007105511356
155.51414035129312
154.50631354938935
153.51639409736987
152.49763768709846
151.53150780298412
150.51224815122924
149.54547447283642
148.53421463041855
147.51832441977294
146.52209240620667
145.51622030167007
144.5232540595804
143.52233488348386
142.5118738100712
141.50670570153045
140.52149339670976
139.5250549031318
138.51865200040578
137.52497450459268
136.48997654562478
135.51146086577816
134.50414482868743
133.5120664968778
132.5104161565384
131.5200506269949
130.4985437731095
129.52411529350516
128.5060387618928
127.51361525571835
126.50863312348893
125.51347576572314
124.48914545346766
123.49493909324624
122.49412524363282
121.50668144041177
120.51370421741417
119.50692630024194
118.50953946347511
117.50171755940286
116.50569783555366
115.50154924761243
114.50790289277214
113.49495867608422
112.51121235992332
111.51026024289976
110.50405226713163
109.50075636097667
108.50901170851483
107.50016344696992
106.49592652573946
105.4981402956431
104.493654409764
103.48935006480777
102.48280176442064
101.49231951444489
100.49377067160614
99.49902765346438
98.49268020396443
97.49763903104284
96.4887866593102
95.48034928143748
94.48199335779397
93.49922284615106
92.4872795592689
91.49046839649205
90.47534550987596
89.48748396709742
88.48372170918763
87.48088706035448
