134.19460884352497
48.439056722732566
47.442854342487145
139.24071180024777
118.92364584285711
117.9246411481572
116.91964244309474
115.91475165791744
114.91769432712236
67.77585689251246
112.9277283678844
111.92165304708534
110.92704495580637
109.92414956360771
108.92998369285185
107.90659278293525
106.9441565754214
105.94068958859093
104.92454723851094
103.92047217827684
104.79535962054214
101.94049423032882
100.92530009119471
99.91986993007204
98.90719278359624
97.9228464831565
96.92037895050379
95.91960030532775
94.91370681083129
93.91124711579208
92.91468205974309
91.92694518651932
90.90834976542878
89.92033204797546
88.9214924256961
87.92520781096809
86.93130986686582
95.80105071536558
84.92477507748316
83.9060055864879
82.90370846710245
81.89873296274173
100.81594253568359
79.89814803278135
102.81541652464983
77.90333921225213
76.89201780835432
75.89319086602657
74.89236543565681
107.80756347247132
72.87738323366199
71.87694274959104
70.87682886199129
69.88806245090377
112.8037702907249
67.87956531931812
66.88212636281983
65.88478347458734
66.74757803749634
63.87977547430922
62.87389150356991
61.882735172559464
118.95793844727481
59.87679156336363
58.87916066652887
57.871101030486955
56.880436764060136
125.80689315802155
54.879899519948346
53.870083510238516
52.871538628870674
51.8705178592287
50.87656769545934
49.8792638315822
50.72851627119611
47.86171944088383
46.851722378679185
45.855340759167554
44.85893055013325
