169.84942803824887
170.92369977507252
172.34403041950523
173.43607332012076
93.794583003166
94.87713126897718
95.99246664307735
97.08892085524664
98.17306662220777
99.21990753825702
100.304711906245
101.35662959039729
102.40208934716544
103.45297198448304
104.4854711775323
105.52549804005248
106.57785179671632
107.62949969451915
108.70306235142834
109.77662463374908
110.81687703149818
111.84476405263855
112.90113003911183
113.9364871163532
114.97608014535419
115.95882824104463
116.99536089805926
117.99353373631153
119.02279719651726
119.93473877185035
120.98952460886015
121.98997513292477
123.0094232744169
124.02856470731565
125.03070008658447
126.0464243990496
127.04841185057906
128.06798536956464
129.08505363356898
130.08822182850776
131.09846700229943
132.1084960497171
133.1276357933641
134.12316617794258
135.1286327355235
136.14977180042402
137.1531798909356
138.1544853250788
139.17271154363257
140.20329553849047
141.21374381704362
142.24279334791947
143.24429461986495
144.26115613021997
145.28758701287882
146.28372033747993
147.3061707351432
148.3173530352647
149.32120475793243
150.34169403481678
151.35162992393603
152.34841226473503
153.33911611381478
154.35297757287225
155.3650036153411
156.35863694478468
157.38285545024806
158.3737297881539
159.3983175474014
160.40195865965816
161.40581085774414
162.3960358330245
163.3928142355669
164.41648385559895
165.44486652317045
166.35825403855281
167.3781421098779
168.38551102980975
169.4104765584967
