36.766314469366016
35.75955585946472
34.75250875160791
33.74871211093854
111.77829782090498
110.76082555998813
109.75425560195674
108.77127045527908
107.77400679339705
106.78152398017066
105.75806628265164
104.76773884996584
103.75807289687255
102.76352569177547
101.77334339535344
100.78085329964672
99.77559678870466
98.76532764346254
97.77404437020083
96.78007603953846
95.7865440279212
94.76995440474985
93.78574683255012
92.78482213362179
91.7772047830237
90.76094929331484
89.78284940143361
88.7793699910153
87.785356183078
86.7751727783177
85.78808759663026
84.78391918740643
83.76625690104284
82.78517883208013
81.77481570282592
80.7787227097896
79.78972719490753
78.77973818091874
77.76959100801324
76.78698698852872
75.79077104884018
74.76203260136019
73.7719746685582
72.77989017809239
71.78572158890736
70.77089299883944
69.77584664865459
68.77766050823111
67.77424124014108
66.77270171988536
65.78521791078906
64.78248270855482
63.78622607650696
62.76636443158635
61.77755630469918
60.76633184592129
59.77163624478066
58.766443580186866
57.76091877048536
56.77022834821862
55.756967976651815
54.76949855120647
53.77074782120015
52.78643915699771
51.76197325110749
50.76371808983289
49.769176614142474
48.78011942216115
47.77171176056343
46.755604908461535
45.75932071235168
44.761852654627674
43.76595284496769
42.774407801534444
41.75991355426751
40.76149950997296
39.78356534124012
38.76295016117232
37.743693922735694
