177.4449032057885
176.4380912904982
175.4415399660584
174.43169214777868
106.66675880061662
107.6804856048014
108.67985686132846
109.65895445672808
110.64864220304456
111.65683585751073
112.66526299149362
113.67574256889542
114.6619999535562
115.66371861710962
116.67033271145117
117.6815892829372
118.66321713052507
119.66648253792573
120.6697838448423
121.67325263229982
122.67440557235828
123.67992368068961
124.67487556216552
125.67434720887073
126.67620729256436
127.66690009600072
128.66003715721385
129.65685772778207
130.66444273144177
131.66271354229195
132.66460817870356
133.67139403378067
134.6721413944498
135.6755739698544
136.6790933211611
137.67691472480428
138.6628431221678
139.66643698134118
140.68931115377075
141.6725202980642
142.66693260674933
143.6784258066617
144.69886931493414
145.67296588830519
146.67311200120488
147.68174761605744
148.67203775233799
149.66191048716746
150.67132697291677
151.663072962281
152.66691378956645
153.67173535377316
154.65888609760285
155.66671650453335
156.661923986277
157.6734174957766
158.67228636481175
159.66073552026126
160.65537567975943
161.67021345840894
162.64468253334906
163.65310122696516
164.66722496583577
165.63808146923756
166.66931633244522
167.67079820090314
168.64155506418498
169.64929653884514
170.64702753078072
171.64719521102217
172.65452677157327
173.65788110277424
16.152273214976187
4.359836205889094
3.3558440063925543
8.754397518553283
9.609798423288948
0.026358847545057084
0.6673010389361518
