10.228104002177153
9.530641222018312
8.061723211054968
5.805697964390753
85.60448680472444
84.68620341367088
83.7957553000633
82.78795949801649
81.79598683733117
80.79458281593487
79.8013459340715
78.79672765319802
77.80400036919791
76.80273591999082
75.8206228763448
74.81768895618592
73.83797999800689
72.83854606568646
71.83658120745777
70.84309255819242
69.83050795570557
68.84290790637897
67.83683303329018
66.83977589965716
65.83411378656292
64.84748288563075
63.85556548474113
62.83986382360385
61.86687984261081
60.85040247243643
59.864149267546324
58.872724805405056
57.88109455827465
56.88745184862523
55.89496717376623
54.89491741320289
53.9156798826091
52.899233915161275
51.83318139123347
50.80400408161327
49.822326445098234
48.8257676760415
47.91281912792323
46.847345469923326
45.847180299879035
44.865590876369076
43.84653157662791
42.94456128623838
41.957574300199
40.94499904357623
39.95670390539521
38.95841195990069
37.96193316651128
36.96042581971309
35.963982759206075
34.958301934648055
33.952419872108514
32.952905170974375
31.95070954964558
30.92616173717541
29.926410859575014
28.93935047096023
27.941317942349585
26.91944478997576
25.92749465887566
24.924834194956226
23.916808236125505
22.926753690155415
21.921065877404047
20.92815354071366
19.92634630615782
18.92598158603555
17.932767197633865
16.921091779909453
15.92257960296627
14.911725302744681
13.912328272901776
12.926947186664915
11.919906818316031
