69.53816127734036
64.1599437177175
57.92137862285036
71.33254722766084
13.449850479140526
14.469866814612509
15.468513567738288
16.448432655820486
17.463448838908874
18.462266655190437
19.468992972100807
20.453007174265252
21.4528854957093
22.44832470293712
23.44806771889257
24.448853725536917
25.4553351109568
26.466473621802777
27.412836441462154
28.429900999515752
29.461245632150774
30.434631234682897
31.43642371749539
32.439746179104276
33.433276377582466
34.435554410912665
35.43339903474449
36.41785097118408
37.440097634950305
38.43621924719219
39.43569304405545
40.44137092609177
41.44127573368783
42.439229937814645
43.42875025026631
44.424541777861684
45.427332267644616
46.42812099535831
47.44356445989875
48.439264297359074
49.44080502748764
50.448010533926606
51.449849305873414
52.43134134127766
53.44244580523069
54.43225376871427
55.44712509439874
56.442754382769756
57.44396891989113
58.4346224828252
59.44340314672959
60.442525597258935
61.43485796153574
62.44243142629618
63.41904796174022
64.44195419904153
65.44736475319858
66.44817943106854
67.44127661397494
68.43203971954028
69.44852631516548
70.44763052637799
71.4310853982347
72.4389419235757
73.42845872412643
74.4394937841792
75.45080082717676
76.4342629040909
77.45456858446926
78.44440257387241
79.45526914029938
80.45740793542602
81.43812752407487
82.43965840312389
83.43995277278873
84.4270817036228
85.46179504433059
86.44246140314482
87.4601380367293
