26.74127754797544
27.756043118182447
28.754323654869395
53.374834752283355
24.888155939753982
23.876749776556462
22.849424742846978
21.85682459616265
20.878786527295993
19.852343277783
18.86368403765685
17.856998426398338
16.865058157711132
15.867394964631936
14.87448219016823
13.868146023831734
12.871859836008083
11.864647499131456
10.875344689950268
9.864964375063732
8.863908845648652
7.874283927731538
173.1926623957755
174.1750151022503
175.17482593652227
176.17315240386392
177.16560073145754
178.15377106369436
179.0435649831376
0.1595743430599817
1.120413237937536
2.1218665794392604
3.1325588331622836
4.129704134542741
5.125380198467812
6.12353246555076
7.1250163489017995
8.136169894058431
9.135526747334008
10.135971575284909
11.121297612977614
12.145019847391069
13.143496664949703
14.123588688454522
15.132533487722375
16.13413081184655
17.13232779587341
18.127001943104794
19.12501721412043
20.12429350507164
21.115575585465404
22.114831184136136
23.130047779874484
24.11866183553785
25.10863318417045
26.09814707216516
27.095061771235905
28.115800322272836
29.113822867659795
30.122877165336355
31.112198608756387
32.118601971254314
33.09766739592492
34.12697775771123
35.08943456285475
36.11661654249501
37.104145294943024
38.112221793852875
39.12761442221558
40.12710075907414
41.122663767891694
42.11067136607437
43.103674525252366
44.105431378447946
45.11838578839165
46.09487469137391
47.107770358013404
48.116913719587316
49.1225807966565
