62.35257660301474
61.328632283709
60.33297241895827
96.30774581023965
174.61660800043947
173.57199796079928
172.60712369804776
171.66593469475652
170.61064171687275
169.64408834765402
168.67069141299532
167.63962792250962
166.6682364991254
165.62113458151933
164.6280235523889
163.64088203321768
162.6491895749565
161.6287416315371
160.65247034710305
159.63092771701744
158.6271508249755
157.63335110125325
156.60804695400603
155.61839815775875
154.63704290483554
153.6285536599192
152.64246450486922
151.6494201442027
150.640513013522
149.65832291904832
148.64665676926083
147.6637410307213
146.6338995322834
145.63937057946424
144.6491204074448
143.6519641599998
142.64283513073832
141.64487226521263
140.66018646053797
139.65592852190588
138.65806630940196
137.66252878020705
136.64773432471142
135.65055606421177
134.62591826461107
133.649665982405
132.65407298897537
131.64613172464172
130.6375087529387
129.64911131806304
128.6422662422456
127.64355805942064
126.64299300974297
125.64909305629764
124.68458194608263
123.65599604840597
122.64506646732265
121.6657177558288
120.64757993003971
119.63983842742239
118.63207179049543
117.64681597391565
116.65653067760516
115.65403462187724
114.63804164662652
113.64233651232732
112.6275864166746
111.63767392867712
110.63600653272509
109.64184706049595
108.63526080791691
107.63506101016368
106.64297578258486
105.641147727324
104.63035104039764
103.63273951201175
102.61936785545753
101.6313499533284
100.62379303658656
