97.38271267321427
89.81310409385347
89.37994001391442
89.41536947929482
6.0457073503859515
5.040047445212511
4.014290959652158
3.0233075336400805
2.036658146900347
1.0274521463061776
0.09975461535703528
0.9712133042225393
1.9959726789350865
2.9445097115113854
3.9634507421304312
4.97107015317336
5.943529605461353
6.9479107602822525
7.950585720146467
8.952820369004757
9.952387879391363
10.949034353900425
11.929452638149568
12.956102941893988
13.938889294947154
14.961772359047355
15.946309351930982
16.924701553304164
17.953326766160238
18.93693675327167
19.943911166464638
20.932293954212362
21.937149224297926
22.95394276073059
23.93975947902236
24.945724702440565
25.941935255968453
26.935970400883527
27.98743538503889
28.99798665275421
30.00081786028392
31.018375991035576
32.03584753035587
33.03587724358736
34.03112576025325
35.016173434443154
36.0206393443744
37.02579229024617
38.00702883872896
39.020896783874576
39.99065281473364
40.98097359163717
41.99072563454014
42.98829016787307
43.98245119648076
44.97704639437297
45.97931206086179
46.986603983183635
47.963246229921985
48.97336311318698
49.974378130498806
50.98422271883159
51.98333989709878
52.97975998796864
53.9724486804559
119.31718433442555
55.970007880013554
56.944871455594566
57.96683270349242
58.96174002184184
59.97010135221982
113.33853356103879
61.940691568363874
62.94877707958048
63.9574197334359
64.9513245827487
65.94802046813822
107.33358177762814
67.9594884419722
68.9317057168815
104.3452440313122
70.95094090669052
71.93873544602069
72.95158618339076
100.35330948867487
74.94092825327638
75.94356774520185
76.92672119444615
96.37049919000076
78.92445040283928
79.90164290224214
93.36384337634027
92.35349169520812
91.34557019966704
83.92154643379948
84.91078782625061
88.3557293854824
87.35146184853568
87.9250621806517
85.36412441047446
84.36392732894969
83.36061540843238
82.36658287825475
81.36396713436679
93.9240505448577
94.9116250900228
95.90921887090703
96.9285177713473
76.35763115597324
98.88497522494306
99.89947444815957
73.3726260995255
72.37242327560207
71.35393107564056
70.3649138557922
69.36592462135364
105.87142972052615
67.37583626867288
66.36158752314415
65.36815788426759
64.34915147029488
63.36351759082297
111.8727452715118
112.87158269832719
113.84124848860583
114.84631890387459
115.85823511776191
57.3549452710623
56.37497685346225
118.87416787475523
54.384450178524204
53.379486159121484
52.364952373448254
51.37176910993725
50.37056326154265
49.35902960857793
48.36305194488848
47.37383722471158
127.83302804100101
45.37608137163442
44.398659319835225
43.3819017750732
42.36728810723514
132.81019513832595
133.82309931691668
134.8349728607712
135.8012017907239
37.40971628243488
36.41571819683304
35.40259635355757
34.38537359259297
33.425220555579614
32.378653324375385
31.396087602584178
30.394163804063165
29.396737329422606
28.39662527294926
146.79083669582369
26.410444807072597
148.82106244854566
24.400309817169575
23.402957650102262
151.7884493655792
21.40018998465497
20.40800905074763
19.411295446830717
18.42058759266516
17.426855433793975
16.42492487897
15.412042797502428
14.417247690460915
13.440399483361812
161.79084016118162
11.41513337494117
163.79377266196568
9.436709990476068
165.76698827548248
7.438988199064259
6.441757641921085
