10.066379419821793
11.066500090707656
12.06215369460882
147.7220259568082
134.52008348861128
135.54322722079888
136.57314554972643
137.55220446175687
138.5365711112827
139.56162345226954
140.4997999243747
141.56804413615538
142.5241746067847
143.5113273100788
144.52949814312697
145.50621976539625
146.57391088668177
147.55230015976042
148.53569400692504
149.49081629218725
150.51011277578542
151.55017867037418
152.53548237141354
153.53660311363302
154.5468187635417
155.50488074493492
156.49176124250744
157.52557873838379
158.47599127588498
159.5207513635785
160.4971627890937
161.4587248494616
162.51534716158378
163.52198181310965
164.4711334147048
165.5048532938803
166.51531434897953
167.5402369269417
168.53664271696195
169.62586189771287
170.53290437422325
171.56832834169631
172.47330093130782
173.5882321314994
5.445956437959875
4.399408353443554
3.455636231443389
2.4053459992776425
1.4604575058045375
0.4472919651987926
179.5556998378053
178.4535351779773
177.43769169837302
176.47076279196673
175.40932339738347
174.43604122526386
173.47990836877494
172.49938007291667
171.4557240777075
170.44185622996122
169.3991359539802
168.41647167289565
167.45031895614846
166.40840662784578
165.43631465559585
164.43091557538708
163.43899050596838
162.41445996048267
161.47089658004333
160.4609808144993
159.47409509046352
158.5031825488369
157.43108624525493
156.42359980323627
155.44511033668343
154.43198267592234
153.4024089206441
152.4453339344876
151.47502156379565
