43.30099921439555
46.25395297154118
46.94345860901895
45.10872486507127
157.1208367054653
156.1311468201258
155.1106519786044
154.10949026125556
153.11433590716464
152.11408069819308
151.11349006570072
150.1002806758777
149.11570127018135
148.10645309233226
147.1190640911754
146.10512239641088
145.106545250075
144.10523931485284
143.09599397136876
142.09290633908495
141.09373090081493
140.10889924390716
139.1100528839559
138.10374614430745
137.10960882482382
136.10199143795862
135.09303546447276
134.09807300570185
133.10780603188027
47.8933240391543
131.09603316938293
130.10175737789353
129.11997127165498
51.90048598157388
52.88652904574707
53.8890274399213
54.88910521305567
55.896531724915505
56.89359858246285
57.89283811609106
58.88857682286304
59.88987699720947
60.88189032035816
61.88879618187084
62.89865176645637
63.89434377584389
64.89629779845686
65.90624821560615
66.89482797785323
67.89938623521805
68.89968491005816
69.89494409212102
70.90119199317894
71.88531288229527
72.89253195090764
73.89347344136603
74.88523294044381
75.8776304335154
76.89130609462755
77.88940585907008
78.88546137574629
79.8960266982435
80.90205661869433
81.89601839508798
82.89193336274292
83.90197090831276
84.89505849708874
85.90386000383727
86.90120233123642
87.91176944449577
88.89147029721762
89.9014426632956
90.89897850347678
91.90020940200037
92.91593782290394
93.90319762451354
94.91500470572981
95.92138895512416
96.9176232691045
