104.81063320262322
99.98747160176443
106.81671709718998
87.06422577031657
169.73430251741814
169.70544372140944
13.703691129871725
14.980323799387369
165.55767193094903
160.17225257293637
159.1733550083887
162.36769649540395
149.50064573614463
156.14095734867627
155.15125872722354
158.4662867312489
157.31457378002256
26.42078047716384
151.14496207366315
143.55497291021757
28.054886143380426
154.19906993945875
32.36116243577244
150.1822022815687
145.12162387023938
144.14765595270106
143.14039254433146
147.58525323223023
145.4552481112063
140.12949206585427
143.08185543672354
42.011480378891676
137.14043574441573
142.7864351684498
135.14953080707392
134.1306372110239
139.26428330081504
138.02103841476426
134.9097438501596
133.88629775613708
134.37861429886183
50.19592932039763
119.88416934848311
130.78892589940602
129.19198622578043
118.40384823356166
123.14843575660882
126.32773878740936
58.51254571521444
57.55051887882592
58.66920944158067
118.13202524147937
120.6112269919664
116.14959327156316
107.98572664484955
107.09732075458872
117.8700547972842
116.39763009702669
114.47458778212895
110.14799738578489
69.68810547453606
70.73653260249327
107.14124600339629
106.15288275153411
105.15084631676962
109.80636970112579
103.14932502935497
105.13516019321366
101.14700652592191
93.40345455082229
103.3255354383872
98.12984427319677
99.89372420640608
99.33830231635308
95.14603414976749
97.85650940663797
95.82663082376466
95.49313191563104
91.12406871738054
