99.63165917568537
98.62184173684197
97.64147513110225
76.10452073360719
164.40047005773937
163.40892299601708
162.41096308010117
161.41057092970976
160.4051482709192
159.39770780818995
158.3987456760114
157.4057914086153
156.41434628398338
155.42704519093286
154.4268124848413
153.39321039663068
152.4343154492039
151.40274817141488
150.4199341723741
149.42771340484117
148.41523550610793
147.43053011280233
146.42408573006819
145.41912460723793
144.41459199588556
143.4108236028537
142.41106834423036
141.42681766393144
140.41495196970448
139.4194693250441
138.42196418626617
137.41968837252773
136.42099213705606
135.42169513634664
134.4038388120975
133.41394539888876
132.4263628255506
131.4120861569899
130.42314463610847
129.41313827110977
128.41342148722472
127.38651837840816
126.38800226026186
125.41321654167241
124.41756841904761
123.40548866462194
122.39915514458986
121.40644398217451
120.39064981701131
119.40319251659503
118.39560885324802
117.40347434644065
116.38781930829495
115.4019835344269
114.40319397715402
113.39381238565225
112.40016260769009
111.39569051384105
110.40528736375165
109.39522019467626
108.38776592429883
107.38753544407659
106.38763107704351
105.38552885521561
104.3944768158055
103.39137207616594
102.39374123679023
101.39975355607888
100.39805689006181
99.38701234141523
98.37329309231704
97.37792297527636
96.39093697487377
95.3903533592798
94.37598552739408
93.38406157321943
92.39139546511997
91.37691288592497
90.37563011064321
