169.870812728594
170.92670624728967
172.3475083817953
173.46392844563914
93.79421150091648
94.8770010629141
95.99233477626785
97.0893081442538
98.17265872770916
99.2201558699246
100.30421009317786
101.35699383122703
102.40153112591491
103.45223430859866
104.486038197668
105.52551371694831
106.57862932190089
107.63022274078664
108.70317317632205
109.77536267640701
110.81688435984604
111.8439745999104
112.90096836641548
113.93574444105627
114.97447997718835
115.95719880775032
116.99453381223208
117.99420135644452
119.02189088375624
119.93282890128862
120.98974543706767
121.99064325109214
123.01068488849027
124.02770246709582
125.0291654391216
126.04599463273529
127.04839147536912
128.06936166404842
129.08452957672873
130.08724014229017
131.09768189377075
132.1080996840736
133.12795954737422
134.12172365846928
135.12798331093785
136.14898651350498
137.15176728297178
138.1545155521346
139.17322014116638
140.2042195071818
141.21537021716995
142.24275353763193
143.2466704331061
144.2631590750368
145.28745654508097
146.28442323647684
147.30680117784468
148.31435872948654
149.32132944786903
150.3408663858236
151.35229006562824
152.34832321906507
153.34041716513838
154.35419757654844
155.3648771176424
156.3587094843596
157.37953287695885
158.37566811160818
159.3944708039479
160.4055808818775
161.40876107029032
162.39752031079232
163.38901405317787
164.41425552634394
165.44766596940997
166.3579291313338
167.38252748621616
168.38710702706354
169.3305420684409
