64.824954767123
62.19036477702159
72.61686897615716
70.75091726847543
0.5330045494356629
1.5379425755251843
2.525347220361926
3.5133445271425363
4.518042567686694
5.516781960039
6.525683833541481
7.527986624782904
8.531044307607063
9.548804098849953
10.568844865343289
11.550069361785791
12.563656874632622
13.545966794212493
14.557809082511255
15.543447203934091
16.54602254984384
17.55213966593051
18.52364562006559
19.562631483521322
20.561680668193805
21.558748784068438
22.55384124690676
23.53326009117758
24.533482145326577
25.527385132356326
26.523146623705554
27.511678237599618
28.50417042016168
29.53130636680617
30.599032880938257
31.566903659918115
32.5976321050196
33.60979476128002
34.608597708846226
35.60010635016756
36.59043204112659
37.59827466774268
38.59777992483852
39.58969829378785
40.600636277147245
41.57912346363221
42.617175291300754
43.597929414070364
44.608446952767004
45.581214743321794
46.597652800663724
47.58823704786001
48.595250563774506
49.60728963506714
50.5667474468676
51.569686980011305
52.60699260626806
53.58534973570417
54.59253116321316
55.59423808051396
56.58199881749331
57.58493691465212
58.573257347246596
59.587497948963914
60.588524437310355
61.57852718861519
62.578490220339106
63.575078433561984
64.58998542127831
65.60839552040468
66.60210258114229
67.59479003428505
68.59119351401301
69.60649384233076
70.60011759570925
71.59312085425952
72.57531666200165
73.58620382321482
74.59757477328903
75.57574293937262
76.57639753308176
77.57027698154555
78.58615017718516
79.58458537313625
80.59752808119319
81.59184087187693
82.61342315412794
83.59714505403062
84.61038263373426
85.60599713800146
86.60118164253495
87.59652461940894
88.59318795074789
89.60856310624123
90.5843117050824
91.58303618318321
92.59642452817738
93.59942372967254
94.59640383141259
95.57953510520298
96.58595648678735
97.56689268401666
98.57414555028433
99.55712270097314
100.59031468293391
101.58001207102346
102.57448683881307
103.56620339750063
104.5931618305494
105.57778441348147
106.58313581834696
107.5732644274219
108.57869929835047
109.58667805149852
110.60376671573388
111.59358257914059
112.58317560669568
113.60043515529694
114.5959708910762
115.58690151960464
116.60505109027673
117.6203663594825
118.59140678527291
119.58077198273467
120.58056069547686
121.58795629069981
122.59535117516566
123.57125849510123
124.57431219074508
125.60785276907268
126.5978124466631
127.58328020895806
128.58955460869615
129.58323588159308
130.58081157854207
131.5809205452654
132.59892942768835
133.5847356843648
134.59302907008805
135.59477037453794
136.59992820197735
137.5913141873652
138.6060696186319
139.59480280571475
140.5992719542166
141.58310274393537
142.6094587049991
143.61194555147594
144.60645955566295
145.6252402044456
146.62255767139308
147.59545651140456
148.62831040271755
149.6128054497948
150.61814738900935
151.5991899297967
152.603296552786
153.6176773096425
154.6127788473539
155.61093920968088
156.5776800015993
157.60149699909616
158.59113791521744
159.65389471587068
160.6418038546207
161.64732817399505
162.64464721765108
163.62408346488658
164.6475742121032
165.6621694177425
166.6358533751699
167.6551084891512
168.64276313939857
169.67501367283734
170.65843987298075
171.62753368470874
172.65390267407435
173.6506151233381
174.64661750352207
175.6681965965809
176.62608025738348
177.7010864325128
178.52874489808863
0.3668431835021534
