97.92344046108524
98.9303521762505
99.9353957428326
100.93051598170916
169.8791213233683
168.8998362286614
167.99976420184862
167.0100392874605
166.00556227567512
165.00785262732998
164.02715198583059
163.08559571879286
162.08665564777635
161.0923199467331
160.09423424513952
159.10689621480427
158.109925505346
157.15134470795493
156.1548332340938
155.154048837741
154.14981302652976
153.13695198919723
152.13676827231288
151.13720469554977
150.13801984814134
149.1430976700778
148.12630383425636
147.134602680078
146.13659144517436
145.12623952960325
144.13773465724668
143.1407723760355
142.13386428946006
141.1351819889145
140.12804615787277
139.1391418669958
138.13632037441752
137.15042039685565
136.13784606805825
135.13214939474113
134.13812318201963
133.13914642064782
132.14165594210965
131.15563955232858
130.13892202457316
50.84452554398757
51.843981436791765
52.844405183502246
53.840813742449
125.15008406898626
55.842376776985525
56.829673416161704
57.833947014293784
58.83499475262826
59.841472145511204
60.838263582907885
61.83549967910815
62.842306839590144
63.82581328157403
64.83992216641877
65.84664277622001
66.8427565201994
67.847188585599
68.83873680476393
69.84779531929384
70.87410436677433
71.84342289121335
72.83585766918581
73.82217466319045
74.83124253372405
75.82821640469997
76.82734715451235
77.82881937560988
78.82587757071134
79.82795252270229
80.8272146548515
81.83365577272863
82.83968383213103
83.83760202149644
