176.53801944448705
175.53178343273794
174.53292569041102
173.530376105687
107.59300982979167
108.58573577255306
109.59328313889621
110.58236038588035
111.57867977901898
112.57838791634035
113.57122568569262
114.58314168354664
115.58350577320854
116.57667624000635
117.5871368220865
118.58065110957655
119.573609933325
120.56673318891671
121.57350306190958
122.57796406657845
123.56844426705091
124.56754425090517
125.57405593147486
126.56784195092949
127.56769989853335
128.55537754793613
129.56923417718076
130.57260318927686
131.55723822837038
132.57138605775373
133.56411972354445
134.569932517333
135.5557913136365
136.5627598433108
137.55973517019626
138.56720125996665
139.54565248648026
140.5606934742404
141.5563706873888
142.5703742804801
143.57343420556012
144.5731433950194
145.56747038952898
146.55322519228505
147.56977620119594
148.55968117747787
149.5667447846003
150.56046175569023
151.56033051451072
152.55236059946128
153.54351314266435
154.5628736199797
155.5478154322926
156.5530335424525
157.56590951984813
158.5607057370732
159.5668791336439
160.55296540935583
161.55215636866345
162.56317244398775
163.57239682565057
164.5615223287892
165.55433142195062
166.54634734967095
167.5543682344115
168.5574530398349
169.55646537583146
170.57121710777534
171.57188047748647
172.57749904092427
173.57811145895982
174.5250799541673
175.5236742058225
176.53084736452064
177.53488300770965
178.53822398370883
179.5428066204233
179.45150559424994
178.4477859559777
