10.918257950487828
9.923295475178229
8.914059131604123
19.28140509085047
58.436976337362736
57.43538897803873
56.43542661252897
55.44299488509021
54.47954609895633
53.46901754290583
52.475427690631946
51.468636147019005
50.47013624852896
49.477742041533546
48.455938643025206
47.437832757833384
46.477468311128966
45.4853616641475
44.471859853700984
43.45080655570206
42.48130031676591
41.46774360547937
40.47036357647776
39.473446628576994
38.46140956794545
37.48068748075286
36.43150373426648
35.46288011812761
34.499511194476035
33.477312516986494
32.4776488808046
31.48778566679905
30.4952725483867
29.48003932693704
28.491275130231593
27.489655595053936
26.50011235994084
25.48458988323204
24.45305086568917
23.457654676677738
22.471535344995175
21.486062053544
20.472588176510158
19.486867845669526
18.49651226614518
17.495913344530493
16.49376968587547
15.50164146004726
14.482391587824777
13.469241307549838
12.467692234182826
11.475866972574698
10.46701659989485
9.481401441261111
8.486538344877385
7.488519890432517
6.473032936534818
5.4873885497535
4.497234836712634
3.4738841243716148
2.4684136928398273
1.4908831484037037
0.4705997790401512
0.5179412027168195
1.5031311458916676
2.5151242865679224
3.513942628730162
4.51911854577779
5.496719286863556
6.51290920931592
7.532308000194787
8.490917168319172
9.477453269109645
10.521144663972533
11.51376148355228
12.52639417130381
13.517028929685106
14.535884317653005
15.50870379461764
