84.83353888503882
85.82604907135895
86.8209509495162
87.82771083922673
3.244325202822978
2.2582755529850806
1.2473363564528948
0.2464011036212875
174.07520347150404
177.10484775256202
177.21045461908693
176.240290715494
175.218035029657
174.2281120301038
173.224938569104
172.24648215145876
171.2300670151673
170.21497106881625
169.23357857433166
168.22830281377716
167.22366737623025
166.2129212409014
165.22466628298315
164.21429651157325
163.2244350158933
162.22215055843148
161.2184906352439
160.22086044600545
159.22841612157416
158.22214793636897
157.2237336513848
156.22747352299135
155.23050194586315
154.21663533822007
153.21250585439302
152.21829195132588
151.22548709342345
150.2081294885594
149.21235570657063
148.2015364754029
147.21792393032072
146.21168386333264
145.22227819603754
144.22330572940243
143.22026628517253
142.22512787110657
141.2101427273465
140.21599481591628
139.2226381748208
138.219765997687
137.22602943404604
136.22614841879926
135.21607555603728
134.22200692966425
133.23433171248953
132.22362655415665
131.22367376671204
130.22743379383076
129.216413010073
128.22006278825057
127.21840869652372
126.22966034569522
125.24090505937252
124.22067895556594
123.22299868415028
57.781798962443915
58.78175777175687
120.22425031539959
60.781634859417615
61.772462699129136
62.769522582798245
63.76320071989943
64.77578303679752
65.76551283085762
66.76177279797875
67.77567954530907
68.77111881982185
69.77685506787088
70.7675620522214
