123.83189811563406
124.82688703490105
125.83452570574953
126.80899067778117
144.226774984141
143.24136800438322
142.2419900935116
141.23219227004128
39.746394476304545
40.748391027984766
138.24403146543324
42.75838209384808
43.73772685330818
44.749698931756235
45.74836126960898
46.743664927950356
47.73305301299821
48.73906094488172
49.752198090809536
50.7507268464158
51.736455120038144
52.743207652591586
53.750778656118186
54.75127596880146
55.74820331899869
56.74846591462879
57.743052859875405
58.74910869844279
59.741490179810754
60.730379207631465
61.75183114035154
62.74419063744936
63.75486078424913
64.74163400292237
65.75107112923914
66.74490203777647
67.7482310393719
68.74066730311417
69.74487958645364
70.75373358203534
71.74897851702228
72.7461270779938
73.74229340870832
74.75542674289734
75.75836216550866
76.75354723411375
77.7554694790664
78.75495424117072
79.74596374960382
80.7525722219367
81.74174472651832
82.75292550575949
83.74040645030841
84.75194316656
85.74211770648022
86.74479993815712
87.76043390568348
88.76767107982856
89.76201707580462
90.75118737175929
91.75387287619446
92.7579109216872
93.74980266304573
94.74999998729753
95.75274298216539
96.73831227900818
97.74276701272652
98.75383860853688
99.75750639307928
100.73249405811718
101.74215655119565
102.74934860380813
103.73809642265782
104.7555976765177
105.74641016904236
106.76492963281575
107.75432869870824
108.74985795452984
109.74700051538785
