43.86913325295532
42.87005157524129
41.87489549213607
156.64049546134112
79.06798649619607
80.06167457724375
81.06545366094167
82.06824932806744
83.0638988649842
84.05714228784754
85.05685286246637
86.05555937773339
87.05669726257301
88.06052847227753
89.05630900329461
90.07630809991682
91.06899140523466
92.05273523635027
93.04060426072101
94.05675671419702
95.06156577986498
96.05684389272454
97.04552403482649
98.05750328783209
99.0795515587918
100.05447514402645
101.05935414814799
102.05935673198232
103.04594571821245
104.05799003934611
105.06247590324813
106.04329995353437
107.0590954079028
108.06865278130911
109.04180586249787
110.05885547204376
111.05015791719447
112.05959219504798
113.06331169200134
114.05937528863453
115.05710926501261
116.05227425621118
117.06066300583527
118.06201022459395
119.04511220937697
120.04419911291788
121.04895478222448
122.06376071196131
123.0519912992278
124.06286588010337
125.07017378669387
126.06596453246512
127.04773177376981
128.0542605696509
129.04121574319817
130.05537623793185
131.05951415927078
132.06783096855295
133.06108657923093
134.07087528018772
135.07492288760784
136.04831497076125
137.0432294181406
138.03938397665607
139.04809640331234
140.0716242809212
141.0585157837046
142.05503957100981
143.05320913801668
144.05098984577725
145.04225557298213
146.06978690654648
147.05762362064718
148.07134881747314
149.09688785853848
150.1248278518392
151.0878205822022
152.09927444539161
153.09757989987074
