38.829220908807166
37.831553182090424
36.83005574206839
35.83149991151418
113.85026467519464
112.85521826403263
111.84172005765802
110.84438637751248
109.84677893917232
108.83440829759812
107.8443930711475
106.84792245886376
105.85307689429524
104.8632463163775
103.85313125644227
102.85856522039992
101.83591998823024
100.84240879110999
99.86484779695738
98.86018937439827
97.84219710555232
96.84091226006882
95.85134395300454
94.83779631590922
93.84069123455001
92.84449509515979
91.85858016429309
90.85522983310408
89.86694654785786
88.85361513784524
87.84767123820467
86.84577795190928
85.84768786985656
84.84926632524697
83.85217402674084
82.85163109888872
81.8599722885961
80.83495926507577
79.84442565058326
78.84164395489141
77.8471140698918
76.84757170125945
75.84141595464618
74.84101149393415
73.83846910513117
72.83200450086423
71.83940428461425
70.83099483161497
69.83542160576293
68.83837579969392
67.83942179627832
66.84355145242027
65.83922425609445
64.84217242467766
63.85649146517005
62.84491030719788
61.832224317592406
60.835904384319825
59.83943878354515
58.83365088739147
57.823133978543105
56.83746077326874
55.83472851340527
54.83907184696398
53.83852830957795
52.83034608322519
51.829349246414225
50.837985398141434
49.827796018201866
48.83051342628384
47.832549735346255
46.840851788522336
45.8331746585214
44.82836046411665
43.834579213007025
42.83539552500496
41.840600352933905
40.84611999386269
39.83090747870567
