36.721341027985375
35.72818891112969
34.71391743504698
33.727087310286265
111.75978999680724
110.75426763652047
109.73208749532716
108.74871132520644
107.74415584202178
106.73163571685059
105.73162469779645
104.73527892002328
103.73463835108704
102.74468386652002
101.74837500633555
100.75148779859856
99.72907741822213
98.73121902343051
97.74680622587591
96.73394155532891
95.74993073406388
94.73721497746652
93.74795882071666
92.74766905228445
91.73921411961676
90.73764588863808
89.74692145500923
88.75689205925086
87.74279346511436
86.73566744144003
85.74040299747132
84.75532582734138
83.73900289324416
82.73656788124391
81.74386079115065
80.75269602555794
79.7436285710764
78.74622029479582
77.73521450676333
76.7534745876518
75.75666425494636
74.72971305361924
73.73422618810517
72.75613046577884
71.74410757025241
70.73890497003353
69.74307230049068
68.7273078163408
67.74222366545261
66.75561890236989
65.75548184113957
64.75536300618532
63.75419376418691
62.753729050249994
61.74905580980592
60.73582989415357
59.74237475334466
58.745872270843755
57.72543649640121
56.74531882779391
55.739727924400995
54.7432383122587
53.73209229581491
52.72963577652493
51.737827756157536
50.73734232125219
49.74903703023972
48.74747579778123
47.74095368505631
46.742686368291395
45.72519095245836
44.742044597665675
43.73525826018402
42.73286811360335
41.73381766570257
40.74500967270479
39.739328818866994
38.73251859515071
37.73063199822851
