38.83735927479026
37.839841570950725
36.830856592752625
35.840513835920234
113.84673717520262
112.83866292590483
111.83329643465659
110.8504028147996
109.8417167852167
108.84581290204783
107.84105733014313
106.83432637258908
105.84533124512362
104.8502701039616
103.84393269133204
102.84644605706335
101.84374886221931
100.8480820032711
99.86403917497798
98.85065773459716
97.84468217513843
96.84869971155592
95.85172649400269
94.85098416243454
93.83748192029488
92.85346825850662
91.84467470140311
90.843504983957
89.84662623482193
88.84372261176362
87.84751575919269
86.85367814247735
85.85469560038352
84.8452333372984
83.85232825782093
82.83961914495642
81.85027862221064
80.84618362630341
79.84162557220851
78.84075905182507
77.8423022438172
76.83527282383311
75.83316454885095
74.8464532544841
73.83996968554499
72.84737635682971
71.8415749261763
70.84121279302866
69.84023016875557
68.85246821589895
67.84518720694169
66.84437767034032
65.83636705859402
64.84198124527931
63.854233020375354
62.84466632932566
61.83776665259614
60.83825710760735
59.833663231154304
58.8404323362102
57.83062793178174
56.831723193100636
55.84390851604879
54.837847893016686
53.83866586786013
52.84025776762337
51.83560671283831
50.84671960447027
49.837597425879885
48.83138877758395
47.84608047439728
46.841959662486445
45.84582300259284
44.840487520307505
43.84291217275052
42.84425263875771
41.841183237458225
40.8355509514089
39.82822193276101
