53.06856930349234
60.95521009682224
51.09121018495669
63.86304408609733
141.5398225563991
140.52632276100945
139.53846804548965
138.5598553528035
137.5460285584961
136.53521165523634
135.52771931983742
134.5395968231965
133.53441480903197
132.55517895586158
131.53885844003835
130.5318923586888
129.54991402683365
41.913312031387285
43.07227450374852
44.426881844719986
127.90515640255848
46.00922414616133
46.659002875240716
124.76205425330429
49.15086881383591
49.72789579716411
50.62837373524479
120.77937200161747
52.83083227708761
53.633824089262724
54.6326176849391
55.736945276815035
57.09762764232102
57.61490747343665
113.88546202635813
59.6213549928503
111.91788889291803
61.66720763366994
62.26355875756273
63.68447620485161
64.192958976245
106.85506445146225
66.56893744655869
67.20984790440262
68.19285085593359
69.19819129049058
70.38601739079957
71.32472284758
99.82396795224179
73.21848783352195
74.10361058125453
74.74512207901425
95.84542792432961
77.14664977791361
93.87165424085029
92.84055132104908
79.78509629579753
90.8628787818782
81.75434722061479
82.67805896164992
83.8383782791526
84.71218929122674
85.92186363750116
84.83683046470371
87.65876585004004
82.79495134493004
81.92541679466238
90.362954769837
91.32436441265394
92.50591899926452
93.42755691449712
94.31250586377335
75.84549436382788
96.51557255649502
97.35451753377055
72.89266891622748
99.26367210100167
70.87328671682168
69.97484923611752
