84.834790890426
85.82858147732885
86.82229392277824
87.8300717463777
3.247009440229473
2.257389434581222
1.248954750079088
0.24631117187523172
179.25242221840412
178.22727623518165
177.21782072734834
176.24459753554717
175.22168315874896
174.23919218481691
173.22781274678167
172.2485738814001
171.23299778480126
170.21406830383256
169.23215415334718
168.22817057303652
167.22212716038575
166.21208455250274
165.2273967983154
164.2136106380379
163.22498842264142
162.22329993975137
161.2209170712115
160.22093559937937
159.2306558210061
158.22226736299874
157.2245082911699
156.228089189564
155.23033359414046
154.2161752705599
153.21337561879145
152.21812194074676
151.22448026552254
150.20701148066465
149.21249710275373
148.2021844946954
147.2182474934084
146.2111663368992
145.222650639139
144.22396280336523
143.22081093292695
142.22584066753862
141.2098609620065
140.21613016920347
139.22344246581264
138.220444444118
137.22573358760692
136.22417227576565
135.2146989260614
134.22135071345488
133.23479723801532
132.22341462606948
131.22456067367915
130.2292026433686
129.21722703042482
128.22101092743685
127.21887769326982
126.23114421217775
125.24165578823091
124.22084201359782
123.22530937645918
57.780642836658764
58.78106534958115
120.22437389579136
60.77943867901968
61.77142367757263
62.76878014910443
63.762154740081456
64.7749747989827
65.76467633943099
66.76047976001561
67.7736571144342
68.76917063817953
69.77627845850685
70.76614405496679
