38.80531391052502
37.816977483031806
36.80519542352842
35.819967222648444
113.83193196317245
112.83506815455807
111.82606123319525
110.83408048466636
109.82959890907297
108.83231572258667
107.83131656208624
106.82308058512724
105.83606227125254
104.83924487855714
103.8466653522985
102.84827048982386
101.82478536920233
100.82303923583062
99.85533511848415
98.84717014677602
97.83330934682778
96.82838419540687
95.83473293977961
94.82519719163939
93.8279956757911
92.83827918276008
91.84064871282051
90.8419187548648
89.83190719345154
88.83076615570234
87.83180758705028
86.8367864152508
85.82228973360913
84.82914860272146
83.82810713210732
82.83699456735937
81.83501905481965
80.82810736352646
79.83085351003217
78.83368108922275
77.83378190363797
76.83733133522023
75.82197039808656
74.82556790738231
73.82542978241294
72.8190190758313
71.82865722856899
70.82525557944817
69.83150876537483
68.8349089999644
67.82935110675353
66.8395822919812
65.8282434627669
64.82552160301454
63.83926191251246
62.82803447494612
61.82006643099938
60.816225592330646
59.825516130543015
58.81720507870961
57.826509713821665
56.82646520935446
55.82803994855837
54.82695920525709
53.82534224022347
52.82251772444605
51.82553127747594
50.81947686549475
49.82596712951806
48.81371798722547
47.82315004187708
46.82680124987394
45.827313980179476
44.821410394649654
43.82303703236838
42.8309483760502
41.827693633450565
40.82800153172866
39.8182708180434
