170.55544671719724
169.6267941704598
168.626918974296
2.2210531357857914
64.87819638243806
63.88028269577672
62.86889411818363
61.884330805610595
60.877911834696945
59.8695943935791
58.87690814358612
57.863603022489585
56.88308642644109
55.896658608779404
54.89265344628453
53.903038741167194
52.90321733587923
51.897777009901276
50.902542442384735
49.90466785127526
48.890476850327815
47.89205286866297
46.89033720918563
45.894244833681505
44.88739066888088
43.87453633387149
42.87652492764395
41.89979289776846
40.90471164721695
39.89941233002827
38.91620762126316
37.89623393923549
36.90315937821041
35.89947379685862
34.917422819072776
33.917035267235995
32.903772613117596
31.906268636681492
30.913458662803713
29.90626145301387
28.90782204861055
27.89883284120823
26.90028256415328
25.922201533933467
24.908362495386307
23.913089059822443
22.905600750257655
21.8926065070534
20.90840558375489
19.916357225629405
18.917985192396934
17.93153276237295
16.929878684857385
15.924970294991212
14.928734159292363
13.917005403076544
12.917922088438122
11.90452764078477
10.916032618565128
9.920012962402046
8.928959891805832
7.925898972426471
6.925701033095465
5.925332005276943
4.930519615071923
3.9159806184888435
2.92606383247847
1.9351920054763612
0.9186811165921637
0.10921358252369619
1.0703623175930763
2.0586733161204314
3.0716755434664327
4.077669329710814
5.072679887228061
6.058204205479833
7.062654925631089
8.074669593290167
9.083373531122326
