176.1454210081659
177.1393946355815
178.11842847022467
179.04045273065893
99.33812150183026
100.35512690266398
101.36083668397842
102.34149627762211
103.34661643648573
104.34199927770045
105.34522050845106
106.3518317135221
107.33922684547947
108.33012000496876
109.35074167597338
110.33851950627437
111.34982048702447
112.34772288304247
113.34275041092454
114.33851509825867
115.35251265363397
116.35210763168246
117.35433765993902
118.35936928700706
119.35050796328032
120.34292079560628
121.33892790836555
122.35394194770618
123.3452845301138
124.34929327624724
125.3331009511427
126.35096382753817
127.33885219998346
128.34806493305373
129.35311200259386
130.3504085923598
131.33362403240008
132.3490588237715
133.36048915924374
134.36502498325456
135.36297087836667
136.3687109524733
137.3945282884532
138.35986948738147
139.35836848833114
140.34928924416687
141.36087854007425
142.3610034352644
143.36339995780833
144.36385132414924
145.36574744479836
146.3835196586593
147.36796897085264
148.3644143448621
149.37592101626427
150.3780319143687
151.3697213293876
152.3746798772422
153.37724817922938
154.3703679081494
155.37272597314706
156.38700186931587
157.38472833987274
158.3861721899029
159.3823322791652
160.39136751933324
161.385857405447
162.39426699457434
158.09871758897876
159.30397123716784
160.36649309923448
161.39680073544193
162.3868197866528
163.282589157013
164.42507684597646
165.5426060511297
166.60526334075274
167.6993502596474
168.8115112812522
