69.6214928953392
68.60128648871189
67.60900410146704
64.3252225827424
145.64383062799632
144.61322225137025
27.56790621202284
142.65529927190545
141.61209888160093
140.59822889976763
139.6016849172327
138.6298159930657
137.64060059694432
136.64594827262047
135.60808587025477
134.61295728890175
133.56291602252034
132.5662738858308
131.63828092226606
130.63186862802812
129.6410787466113
128.64861688742877
127.64544366703427
126.65381885388318
125.6585637371269
124.59805064068713
47.616444106928235
122.66585947181358
121.62646049076005
120.68465275743627
51.60206748985214
118.61909133324937
117.65243675350256
116.63837201407235
115.6533314376042
56.599095882273694
113.6443840041096
112.57686178167633
111.6288228015852
110.65480375901106
109.67275114293209
108.64681480508285
107.6443104742156
106.59082462797781
105.65399481094934
104.66313146628544
103.68107349335394
102.67214356584013
101.68840593676354
100.65754600935922
99.64849527876045
98.62733802835572
97.60668182921567
96.64521399775062
95.67242717220275
94.67217926333196
93.63404959100167
78.56542488271002
91.61713836692205
90.65375718127343
89.64635780417295
88.6777559338413
87.62139186727728
86.68761137560341
85.66593255395425
84.67368135541535
83.6735129369024
82.6836120010533
89.56115662906781
80.63885845970022
79.6749829328198
78.61580046537738
77.69253938614148
76.66829458853258
75.62267027293076
74.6733062915642
73.67464442989093
98.57667195117558
71.6596446563364
