115.118145506777
116.13374181467961
117.12856490382933
118.13672928193942
41.36735870637325
42.361251797632235
43.348253916061644
44.344693311445596
45.361374600944224
46.351437678481396
47.337944921833284
48.354302848946936
49.33703237330946
50.33256724647911
51.35930979182237
52.348466173998375
53.357502959856475
54.33214457563874
55.34602835474254
56.35589830107693
57.32839577266319
58.35683430550643
59.36371378757419
60.34408128509218
61.33020426619362
62.34036487990716
63.330924747932386
64.34116381736487
65.34850801615423
66.33620268970442
67.33905966811032
68.33915658797346
69.3216520603464
70.336807091307
71.33230354612809
72.35854928249044
73.33913803201723
74.34357898390346
75.35718525648473
76.34319808889137
77.34906614797251
78.33231835919958
79.34299567750706
80.33246076761851
81.3444252882297
82.32198635627319
83.34643455324948
84.34647725064747
85.34526101119296
86.31951764477317
87.35200870819001
88.34450848697584
89.34598245237369
90.33862799427988
91.36312874094071
92.33197190544134
93.33299321474749
94.3252430640342
95.36616782804231
96.34514099809729
97.3402570907555
98.32846131633468
99.33049058416265
100.32991754921656
101.3206571054284
102.3322818588705
103.33756604783338
104.34911174077965
105.34427635851857
106.32731580413537
107.33112310643882
108.33797015616582
109.35747075304164
110.3399751572744
111.34494884294075
112.34527712438236
113.33605427251113
114.33722675129947
115.34891891061957
