151.55271453790056
152.56573197274463
153.5151645962267
154.53761088307425
77.72051316869366
78.70567430681825
79.71827758241783
80.7166681930729
81.72790531343414
82.72284603538237
83.71684699352694
84.71415908997906
85.72417384896016
86.73102466527274
87.71983671067365
88.74567453249436
89.73895117407815
90.72987909819904
91.72906943437606
92.74605806205709
93.73028859817342
94.71410799554575
95.72477378439766
96.72407458937539
97.7363905627908
98.73260979231263
99.73059634523779
100.74232759385792
101.76298925447178
102.75018658430646
103.7520646356083
104.73119523716785
105.7335184545428
106.74688211502932
107.73713751324325
108.75190336924
109.75782490645176
110.74972452975429
111.75211162649565
112.74070357632559
113.76948196606556
114.74769585482456
115.75451018765044
116.75276625523553
117.75199006520879
118.74779061574927
119.7596844022602
120.76530173453357
121.74803936220847
122.73875407104408
123.7607978641897
124.75197436635914
125.7533015612666
126.75410239554547
127.75239604437742
128.7548669137594
129.74876369324213
130.76195772053143
131.74312654169543
132.75420589459614
133.74386844869875
134.75307933748192
135.76246200892302
136.77988069237222
137.766008574752
138.76296847800148
139.74677814557
140.74852898243932
141.77835921898733
142.75630166119828
143.77774456807578
144.7798930911806
145.78774343080389
146.75301028640456
147.75202371270916
148.73922477215928
149.74303954220832
150.7476883128987
151.76255446183274
