59.149690151032246
58.12545157852749
57.1680558924664
57.42591670328915
50.06004978217454
51.072640884531666
52.071624801429046
53.09949672186398
54.061076070545134
55.06045759307863
56.009498137977126
133.5622198244353
58.11545615399156
59.07668023142006
60.08555316015561
61.11772476387192
123.42336065488475
63.10446429283864
64.11288347204423
120.37391566784801
119.43461634795187
118.43124699616784
117.39296589403583
116.38631500992715
115.48678124030013
114.4457084246438
113.45367610605648
117.53337921312512
74.06979164072222
110.38976323114602
109.44001938925771
108.42833711029782
112.60574190430889
79.07740277497744
105.41320639606892
104.41333521552137
103.39832586171478
102.42186404460695
101.42361856190107
100.41856056874988
99.41465942968088
98.43034798179018
97.41515195429405
96.44425551680689
95.4414434077838
94.39955193286686
93.4448763711025
92.42469346293994
91.39651329780466
90.42745605851425
96.09166246240842
97.03048556261096
87.4047632098398
99.03801550176273
85.45788383113579
101.04094715724808
83.45325516082114
82.45057823173673
81.44515398061144
105.08667839760996
106.12216318548327
78.42707884885178
108.09138344144596
76.4340354279578
110.06382484300688
111.06898935910382
112.08401639114784
72.43987632635455
114.0511178994406
115.06167431983462
116.12274241578764
73.59008060776944
118.09138916473697
119.12458944650584
120.10732127308884
64.41834788806042
122.05211358946988
123.0974726175045
124.11554078246697
