60.41638970366436
126.13505434548124
58.36268266090873
66.66786053393453
27.24018168914523
28.254543697895727
29.243991043511322
30.226097982506204
31.243539433405434
32.22625603390983
33.25564386672531
34.23329542870527
35.238849957258616
36.25313026277405
37.22136571599319
38.26710383170129
39.22044368827387
40.24435873925519
41.270969466028156
42.210332044925785
43.206336124744446
44.25701848787132
45.24167446992957
46.22086211131354
47.254569470367684
48.21829177531412
49.24942370530791
50.226120874859575
51.20210565474621
52.2238346982896
53.220453099845166
54.21804564699939
55.22843424354715
56.21842170894142
57.21790212324914
58.21436229872957
59.16923347748502
60.17911116827776
61.15946654161405
62.227743632597914
63.218242698693764
64.20260861002572
65.21883509580866
66.25330290612189
67.23881649214272
68.2050079528601
69.22424921142387
70.20951474111041
71.2510530503373
72.25273700306796
73.20661531156391
74.24994794223826
75.23594359040595
76.2882790812527
77.23057978590303
78.25717227951004
79.2338588879822
80.25194439691008
81.25639981472611
82.24561194484313
83.20516803818622
84.18747753794828
85.18902200621487
86.2173816582487
87.21189958209342
88.21838711668063
89.19359331695448
90.20310821421747
91.22815827024014
92.20852134986617
93.22693108503056
94.24199283172454
95.27089704805728
96.25409756277058
97.21089829730667
98.23392205040845
99.23796929338243
100.2040083058116
101.22232559250541
