129.9170080911672
130.92756072198068
131.92197317805767
132.9311802576031
56.11920890183743
57.126482311595474
58.113460305867626
59.11587308762849
60.12057205387427
61.12238719452088
62.11676183339652
63.11750843457459
64.11230164650591
65.12027169892347
66.11003082526604
67.10857236467551
68.11378316851722
69.11565922928447
70.11320434250688
71.12041831804508
72.12127466606002
73.11849724536619
74.11724902830899
75.11757645486402
76.11234519393314
77.11521298727466
78.11387993656817
79.10989114203495
80.1130686893367
81.1201681641561
82.11277340506943
83.1134629718911
84.12124996686096
85.11938210424957
86.1152768913871
87.11494410860443
88.11302297933378
89.11492912924166
90.11174702926115
91.1105306640411
92.11048661480336
93.10341569253458
94.10733681315921
95.1026724828376
96.11138923248515
97.11196237099844
98.11143997554976
99.10460086540218
100.11159853332671
101.1109725634739
102.11818036170195
103.10948509306326
104.11678742568658
105.11687919444921
106.12250489435422
107.11402915960548
108.12237701070248
109.12616487301366
110.1180820699878
111.1194644413356
112.1194099333303
113.12867071911124
114.12410248708987
115.1195336599752
116.11990233586873
117.12638227463916
118.13244638522184
119.12581250832905
120.13924601489205
121.12725324820163
122.12783848505784
123.12447074872091
124.13086982001487
125.13565842730203
126.12825781323292
127.12371426561543
128.13369713313537
129.1319320035214
130.13134329941317
