129.51362230404735
130.51576465724875
131.5107664983551
133.99188535519446
55.274235292182546
57.955221478859116
58.97194944376126
59.95396692189187
60.96256137240662
61.98475590230024
61.28710348449112
62.29033734671981
63.27891700369171
65.97231135837612
65.28229243329795
66.26988678336429
67.28967860024368
68.2887671194524
70.97151100861501
71.9658774294618
72.96596831020376
73.96078134483288
74.95625902264126
75.96718302622448
76.96319613882669
77.94902319830453
78.94645220335518
79.94917785159778
80.9512918198986
81.95349137971493
82.95018588523892
83.94660940872456
84.94808225783119
85.95160887517982
86.94039023896094
87.92798588524597
88.93601643251968
89.94978772130297
90.93574554679596
91.92828533812026
92.93023997599967
92.25269953483577
94.9144281717153
94.24432168143387
95.23761677246439
96.22758989320204
97.22202470722331
98.21224014402351
100.87402648399343
100.19290813052024
101.19667383511009
102.18238505304463
103.19516178121224
104.19692271430502
105.19501873027038
106.19734063773443
107.20643829994553
108.20163937646755
109.18877965934684
110.18339693677889
111.1790516947927
112.1877370060156
113.17936233801049
115.84109574508295
116.86009553052112
116.17881877985809
117.15628077930889
118.16140483360095
119.17371240479982
120.16466606110058
121.18439016052396
122.17276195173082
123.16440317363494
124.16142239074901
125.15951196387961
126.14561311572425
127.15527095441968
128.15621543495624
129.14228716197402
