43.25002446174984
42.20752466978352
41.22669254789814
146.2685236090492
66.01209501161519
67.01748614450467
68.00899430547153
69.0220173139073
70.01039757500521
71.01302809918505
72.00560800029633
73.01548911903699
74.01857979991281
75.00726888298702
76.01074524635844
77.0388051793832
78.01111209766059
79.00801881440455
80.02857138774593
81.02556420309817
82.01850228110699
82.99730144324141
84.02348415210315
85.01470960727117
86.04638031096569
87.01304550582445
88.05630485542176
89.04039243509217
90.02718580125797
91.05420243978239
92.05492848811843
93.04584250310725
94.06021134420598
95.03780386833995
96.0135552450722
97.03334230682397
98.04392114449297
99.02521221132733
100.04202363552952
101.02678248669521
102.0427193242261
103.02439630041638
104.05702898700069
105.03773738480555
106.02359231615058
107.06798225889243
108.04546405635651
109.04944653205605
110.0469779480074
111.02454439236922
112.05121549762077
113.04370281946176
114.02873923611034
115.04754298528403
116.06030227760353
117.046977925015
118.06807547993449
119.037582509325
120.03484962073627
121.03653980411113
122.06408824799682
123.02863841824474
124.04652520067762
125.0488016765952
126.04922297420384
127.07163941677734
128.0833516542338
129.05994281737236
130.08201233156475
131.08477071717365
132.07039989625522
133.07964916027976
134.06817171888656
135.07976543783298
136.09529728888194
137.07490988147512
138.05230812779303
139.08219998159902
140.08590182909646
