37.63874192950166
45.13695734164247
56.07258315711005
54.033449827041274
160.60218755144177
159.65355804607051
158.63621015015184
157.61674706764057
156.60322806590483
155.61327527709452
154.58480662723167
153.616058572011
152.6339943005255
151.63310194936273
150.5948641065126
149.61896378365913
148.59142883147894
147.54872697531923
146.60308909480568
145.6108541138408
144.56651407937247
143.5958224260752
142.56318307541028
141.58726485615833
140.59229783701915
139.5393049446607
138.52385730252215
137.5515885711545
136.57910038661427
135.52601670012731
134.55851746947312
133.56358157543656
132.51444455092485
131.51925186050784
130.51111569940227
129.51468141093343
128.48564234074496
127.48536268863649
126.52830377987219
125.4933380261235
124.35768985789441
123.42746815589875
122.39905164296744
121.3935529272792
120.39095984916665
119.41049306765258
118.41493983813176
117.42050874621222
116.40411859623867
115.41304265006546
114.39472216906802
113.39126740202897
112.36324399469764
111.4204591192099
110.42173464573474
109.42106777832713
108.41013901261107
107.3927425666884
106.39460814086286
105.38995068222358
104.39559649335403
103.37050980198003
102.40634287756141
101.3953802320387
100.40955022388073
99.39849232668624
98.42673816910374
97.37828577354142
96.40117596756451
95.45635012521242
94.43341155757331
93.40226965123351
92.41638060244088
91.42561879122258
90.40839268581358
89.45037949867131
88.43200630100596
87.43805588835275
86.45376342073205
