9.289140127236234
10.298860211755766
11.304812454743317
12.315911507330746
65.68923997917294
64.69087812641983
63.70463186491502
62.71635605297132
61.71803163279801
60.710422701781226
59.71258863748362
58.69296484684804
57.71425430626176
56.71148333551348
55.72433786721577
54.716672340528646
53.73281997297713
52.727606066385796
51.696157237921284
50.71186579836419
49.710969860732845
48.70474561343922
47.71406297169686
46.7189181724428
45.719719763875155
44.71833161290016
43.73333481362093
42.74211911122689
41.729861918809554
40.729611236618084
39.7300942429849
38.73736069659527
37.717298324153724
36.72717174187063
35.73321046741765
34.7192810807754
33.74303418835897
32.73531196140818
31.759086359305552
30.75924500498544
29.753731446681517
28.757107515340596
27.75231234552513
26.771822082646516
25.765042590431975
24.755173243171587
23.765838361997126
22.78230045731797
21.764324958264567
20.777472248222985
19.787044174992662
18.792075625860274
17.761247288450566
16.770509414765066
15.765398877347385
14.772712204003826
13.790162623808143
12.78298887602618
11.775121536004038
10.799277873637068
9.790572197664476
8.80780981338321
7.818060673642459
6.809463493626378
5.8135281687153615
4.797403124967561
3.8106172571333348
2.820885133481554
1.807776457218978
0.8127907180480349
0.20553535530476677
1.1948965965528553
2.181218849473694
3.1878382800945615
4.177297165533014
5.165980111197419
6.174295026861118
7.177952808946233
8.167847587044099
