55.96418833115931
54.95886093625287
119.25455818576273
53.02506602974067
134.14046733727298
40.68711501905728
132.1407215592696
42.68548316388878
130.13143657233195
44.717176476788545
45.67739748636374
127.12977100536594
47.699457443305675
125.15618810213763
49.69301006633087
50.6795792486764
51.697336600712305
52.68104785811519
120.14283593065319
54.68732747446132
55.68033871836546
56.664337226172655
57.682930645541745
58.68431078230955
114.18286272765664
60.68956132804644
112.1762007839484
111.14922923857503
63.68433321236176
64.68339017207171
108.15053096200202
66.70262469478234
106.15618857528489
105.1600378327905
104.1469571674209
103.16744324446395
102.15593047987775
101.12975285896701
100.14403911613097
99.17313905026232
98.15993283115489
97.16041220148053
96.14457237211994
78.70792803662277
94.13987780856287
80.70617023963881
92.13833533186558
91.13995592625682
90.13019772306413
89.13667719621704
88.16344664067637
87.120146043529
86.12887201005152
85.13497110369177
84.12625978550652
83.13299869312446
82.1248642725937
81.15112217651007
80.15510353679562
94.72875453592465
78.11936958949973
77.12055430178883
76.12182674128327
75.13139665550808
74.15464989329197
73.16688351299082
72.15225786561653
71.1377342073963
70.12387997902337
104.72447395265371
68.12588982766773
67.13205505137516
107.73144182531253
108.73186511601618
109.72016035191999
110.72805118631243
62.14170013239863
61.152250139428496
60.14878400801043
