138.47111719954773
139.45923743797516
140.45743934497918
141.46175330022803
64.63770559100523
65.65211738741829
66.65365094677547
67.64923793945098
68.65674261676092
69.67199042200247
70.66782463513537
71.65758174746396
72.65504062665165
73.67168932422089
74.63451153138612
75.655810018591
76.64048397856087
77.66461922351905
78.63754261861223
79.64836412109926
80.6467570728951
81.65394897461965
82.65301249559492
83.64252513646477
84.64719895302785
85.6462782411575
86.6543999737004
87.63804605239581
88.65444157378764
89.65750066574766
90.67117093897824
91.65259134718411
92.6566328027649
93.64640476465802
94.66346607953218
95.63944118337405
96.64497253733336
97.65893789858069
98.64860156416665
99.64886786123036
100.6345545443938
101.65704798264734
102.66263606753975
103.65806605089148
104.66733620542007
105.65965676309001
106.66668799839005
107.6506661715138
108.68510226292565
109.653303523312
110.66219559483555
111.66017727531522
112.65104618766777
113.66160944532109
114.6507501992339
115.66304823122987
116.6687863929263
117.63628108049977
118.64367284147902
119.65985661069494
120.64912227090466
121.65649422854116
122.67175514387799
123.67801177216442
124.64665007617806
125.65311918665053
126.66205554251796
127.66681970904237
128.6507405532511
129.64713306149162
130.66349897237018
131.67712385777676
132.6573650536375
133.65543660056088
134.6652373922177
135.6313387878512
136.65953497289132
137.65383744991814
138.6626204922803
