89.48530073452817
90.49365412561352
91.47889705180927
92.4756839450513
15.673146315884614
16.694192016615137
17.649999530049378
18.64628174245036
19.64659104189959
20.65347858486276
21.65142143657685
22.661580202674834
23.645953698598863
24.649592353016402
27.023357054431017
26.660647401592122
27.6524590855226
28.65999677637099
29.65365886323185
30.650667957052864
31.657925036176294
32.665106259573925
33.672284472648954
34.65426042833689
35.66874760622879
36.65936273843391
37.66548144708242
38.645108312584796
39.665716385978726
40.65971503369068
41.65317897597651
42.64348567405953
43.6555296054761
44.65505008756149
45.63928007054884
46.63006091757267
47.6283942057404
48.63686954990461
49.63533456839395
50.650162780438556
51.64416412251711
52.643371116245284
53.639055590028946
54.64814137686319
55.63608434514193
56.63296552145992
57.64676665652772
58.6356216564019
59.64004277511547
60.63782873696178
61.645844465047205
62.63181434931904
63.64357804327053
64.63254380874133
65.64938127170556
68.00538472481152
67.6410164021358
68.63620867843247
69.62402147191997
70.63587417585003
71.63888248459142
72.62768079198527
73.63946238570918
74.6444763634061
75.63848041674638
76.62959601328366
77.6444928845421
78.62462291355956
79.60312069725792
80.63023502471714
81.6204285408282
82.63660364504636
83.63114434396466
84.63164061817459
85.62863548319807
86.59340386592338
87.65410765962199
88.62719777581964
89.6108009658389
