66.76127106630715
67.75419468554264
68.7555170381003
69.75335184070083
7.007940842600957
5.995847174013521
5.002882773623124
4.007809724503251
3.0017900693834396
1.9912236408397563
1.0085452582997234
0.06994265470868441
0.991845367740644
1.991970059348712
2.9919590825436506
3.991930842766075
4.995803035587101
5.995571811791179
6.992463776272543
7.993599528785848
9.001573357198478
9.99249535205946
10.990926985397543
11.993342518088227
12.98975288073183
13.993557989658571
14.988128709125341
15.98700809007825
16.992505353011605
17.990264807941866
18.98485246568357
19.98717471269104
20.98837149751781
21.992737760763312
22.98871680208064
23.986877650396437
24.988783838191303
25.985609694700745
26.981265584636958
27.983015400029522
28.981942851932256
29.9786821335085
30.978617427550507
31.97920110420327
32.98688077071436
33.99006186531193
34.98305220256897
35.98986313686319
36.9829998766548
37.9787915508993
38.98052364197786
39.981293134893
40.984296540111266
41.98002748769647
42.976984922817145
43.973325359076014
44.977490078952606
45.98128641123367
46.9651285157241
47.973147233658906
48.96946358658475
49.96774867036721
50.96921597097239
51.969739487914154
52.96640799616181
53.9663480437902
54.97028846168467
55.967264338258936
56.96550211523309
57.96763320413986
58.96640416873443
59.95987778788213
60.96329666570164
61.95951794702881
62.95987032839335
63.959459125848
64.96517883275234
65.96447575439089
66.9551584101033
