163.45086258516764
164.43319694700472
165.45721423108267
166.45988790261308
88.52305029898818
89.53198184905423
90.53926175394066
91.53180475697994
92.54736348672513
93.54143049841291
94.5261910466454
95.52141485417354
96.5192728384075
97.53434805947745
98.52744112021608
99.52790957582702
100.52804690176693
101.53120450123144
102.53523112343932
103.5394207983466
104.54601490931907
105.5384539104056
106.53373736064682
107.53461574889272
108.53830850547268
109.52182598859984
110.52033405666883
111.51646986602047
112.52536381795748
113.52749129438352
114.52847963225396
115.52028863815599
116.51852937611763
117.52442274486076
118.52020400486042
119.51551238998815
120.52096763733626
121.51159803167818
122.5115671100941
123.50268058539625
124.51683223914131
125.51820047391001
126.51376702420097
127.50278635018739
128.51145295647922
129.5102545205871
130.50490308630262
131.50842439428496
132.50294906330515
133.50444773229313
134.5022819044922
135.46834863451994
136.4684743683857
137.47684445731983
138.46136159732959
139.46821707606077
140.4784502327422
141.49080097869913
142.4765451021016
143.4728683899
144.46964253214068
145.47642177740167
146.468505614247
147.46616878290826
148.4719742662474
149.48305451728538
150.4725765063396
151.469603060797
152.48804748470485
153.47830644154118
154.46210839535664
155.4868753393616
156.46226261785728
157.47681116684444
158.47633155840586
159.4327731015981
160.43945387095465
161.45285862138599
162.4459317555994
