59.15089469203469
58.16786129959289
57.17526775726462
50.577206513492364
130.94699598483942
129.93981181812381
44.26194943910997
127.95919469662523
46.255171986458045
125.95064122211853
124.95452532494477
49.25587061455905
122.96629978341502
121.96403677665764
52.24820761821854
53.25369860515287
54.23122490437066
55.244186601287616
56.24267478483147
57.239500178624645
58.246109849012115
59.24746135943755
60.24630886526191
61.23854506256977
62.2362061394769
63.24082535828105
64.24383636963303
65.23789266550368
66.23560733247663
67.24399831864578
68.23282256475373
69.23242803173996
70.24268757301657
71.2317125733774
72.23969267755565
73.23096534893577
74.23409284254988
75.22911708895913
76.23013937231887
77.2318712771985
78.22049413561265
79.22174188115082
80.23692655371093
81.242428370655
82.23360164728359
83.24293422552418
84.24203871837362
85.23836920706363
86.23699998367663
87.23063147325668
88.22899178380494
89.22272846549359
90.22595414488798
91.2382628621199
92.23805416872132
79.98178941880725
94.23877316004031
95.23560568997159
96.2422571708941
97.24012462753198
74.9713163458235
99.22888986437235
100.22978623988969
71.97909090105809
102.23177688928024
103.24095653223277
104.24487138973637
105.23947422269356
66.97312483291132
107.25837546211623
64.96646677349118
63.97416136665305
62.97218156604491
61.96297111868603
60.95257410887171
59.97147785066217
58.961270233643084
57.96261142168216
56.971009246443636
