102.2207127987359
103.22006287623267
104.20360491247611
67.73353603102775
144.63241855589177
40.86222411788336
142.59420436958663
42.895846973056
140.58821927743227
139.64845249270314
138.62689423124317
137.6134149439297
136.61682293783718
135.61830363375634
134.5873000060703
133.58892387185915
132.6196150952186
131.61999748406888
130.63741320988663
129.67908103469352
128.61327174951532
127.67926618926865
126.60029013640924
125.57335148185044
124.62554024966431
123.69715328752854
122.60098428495822
121.66521056428455
120.6447611371073
119.63493472048488
118.65766747386475
117.61920197754036
116.64431532240266
115.64588308127678
114.61275187576574
113.67253384884428
112.6373824689384
72.87635502081855
110.63778875650712
109.64402881313183
108.6265073409139
107.63244874358706
106.6170896359915
105.63392825466656
104.6262698777363
103.56866352124416
102.63682900591581
101.64615477756855
100.56283744322987
84.9163003253558
98.63697792948881
97.6180500947839
96.64379477538084
88.91587653337308
94.63630531853951
90.86377963418077
91.86712859318405
91.6394292799195
90.6630059727355
89.63108232987888
95.87260433952638
87.71495702298729
86.5971693805887
98.91522090821908
99.94271432990446
83.60478129600335
82.63115854322457
102.86881483784398
80.59983470186027
79.64984344415629
78.59040661242486
77.57047732825559
76.57045786015338
109.00392546700454
74.55633977403144
73.5867907133959
72.53325290251544
71.58303375964901
70.64290780569799
