130.133642318625
131.14436633872825
132.15789018539928
131.5403981340259
128.82792203203005
58.35253756827649
59.33159968243186
60.336601733125676
61.338459289643204
62.36799122821865
122.8129955277785
64.36282565990747
65.37830526370816
66.32406420984563
67.34253674575221
117.7990830018457
69.34008152774628
70.33097425042902
71.341725034802
113.80711868782544
73.35920399437067
74.35476205052298
75.34695289371334
109.81175421598435
108.81785370848137
78.3231813087158
106.8256928098563
105.82558386678667
104.83725570627985
103.84181578185225
102.83160951201904
84.33094871849683
85.34306358415736
86.34849422468848
98.82690311801724
97.81734020564765
89.33388850636604
90.34241067105302
94.80118197310574
93.81027506323181
92.84163600128997
91.85539163953817
90.83483766352644
96.33494159312083
97.31939981503379
98.32571002874825
86.81154812477251
85.80413169338634
84.82987400522357
102.32692823417092
103.33107702630176
104.32248302177733
105.31048880016752
79.83287595149176
78.82642251593809
77.85479366142351
76.86053519324135
75.86634270778458
111.31143775175818
73.85099193790234
113.31893329904072
114.30086814197168
70.85030765507943
69.83824155354395
117.30907962827997
118.30786529369328
66.84371369213845
65.83406389659022
64.8664873505048
63.84938525533949
123.29620687399859
124.30252553768202
60.845187101993154
59.84625476575707
127.3262975837061
57.83589200379207
56.85091773613503
130.2814076664374
54.87097955738897
