151.20528514987544
150.29685289598314
149.41808697991752
148.3212491527397
133.33158291468118
134.30984040286134
135.25902648044405
136.24073878347448
137.09214387850002
138.1825420818342
139.1262684658834
140.15716645496454
141.09444446168908
141.99170302246412
143.0019122946309
143.9628864437793
145.00049971621758
145.89430725452257
146.96413793191024
147.9226683830205
148.96470778098802
149.96317986913076
150.06258055964864
151.83334309109358
152.76307080779708
153.8412769381226
154.7302198051305
155.67386223889704
156.63797474583046
157.65103674498081
158.6301978202679
159.60241151241866
160.60057837748525
161.68694411503267
162.59035307807682
163.6029482291863
164.55065997945403
165.5410239659056
165.45684909319678
167.58454108666623
168.5628997035915
169.45249063426954
170.41130597931954
171.51116228529125
172.48848922851946
173.39354524719846
174.3616815381525
175.33958317445158
176.3320234164259
0.09327411149872211
0.7122294433121208
4.351767801840683
176.98570713592056
175.90945726097354
174.99381998711615
173.90790170886896
173.01640385205593
171.93558322099594
170.92937745560073
169.94064874082557
168.93830363631454
168.0169897139841
167.02634322926835
166.00717480546933
164.93059180209553
163.9886586486484
163.00558240264874
162.03613293342931
161.02261088008547
160.0106209533263
159.01811937923475
158.07665869276644
157.00734975966583
156.0387340171951
154.9597334272351
154.03837366272523
153.05433601619265
152.0240109505434
148.41765528716869
