70.65233923491563
69.64702826790594
68.61867422029181
78.98945921095321
152.00055154910459
150.9777406031806
149.9996146570685
148.98113712916887
147.95627203571723
146.99975936920745
146.0245173626635
144.9701729104473
144.0079588539902
142.99751975571667
142.03073449666243
141.02330573347857
140.0278387386167
139.05977902584726
138.0766231426662
137.04184316915064
136.0270664455075
135.00694795581526
134.06427237118874
133.05050206420736
132.01868809283914
131.03858429476122
130.0067397275461
129.0297610539819
128.00145959647713
127.02029159089939
126.03312431212925
125.07251204106815
124.0573609404738
123.04571722130368
122.02274576477951
121.03157042916797
63.886095505736
119.01041076490301
118.01319032019373
116.95137960160511
115.9848938321694
114.98902723252655
114.00050084743599
112.99914387905116
112.00033825383204
111.04672382162816
109.95816663796917
109.00880251294349
107.9546458433869
106.99354408309047
106.01141377210813
105.01592097590483
103.97474248157121
103.00296094622261
101.99429685391982
100.96779224869681
99.95578966945473
98.97647713770735
98.01260493377087
96.98918170317545
96.01971022270988
95.02476903928415
94.0845716520846
92.9830452527786
91.98780471511141
91.04318718359639
90.022852838691
89.00614566243239
88.01126131140315
87.0395325817081
86.00124044275562
84.96392168119971
83.97156641074311
82.9513174424397
81.9768294959943
81.03141821843163
79.99477293234209
79.0223150730628
78.00658447669456
