83.93213038087814
82.99425314355254
81.93250696206373
80.98240543344589
157.785643298423
156.78317800245392
155.80797711406282
154.82198000626713
153.82755286402656
152.8124993867072
151.81770865537473
150.84042667868826
149.85195540655383
148.85566626594493
147.82004834788046
146.82865568851997
145.83502757415093
144.86432579046894
143.84293491640423
142.859220431667
141.8416498544655
140.81821672658478
139.8178966557698
138.84122360431493
137.87846162332792
136.8439549395789
135.86275368114985
134.8615836389336
133.86252325703654
132.8639884541579
131.876133063548
130.86889052708432
129.86485131315723
128.88565368127405
127.86686173602841
126.86549205323222
125.86312479737914
124.88088638573758
123.8499396136997
122.87614276694453
121.86238270531796
120.85025516290565
119.88523887557439
118.9034179048342
117.87292651905746
116.88612841935192
115.89551725757127
114.86686762183771
113.87793918018171
112.86835112140703
111.85895270003564
110.85723148225073
109.87861171830896
108.86370017667225
107.87911102431364
106.85225728451238
105.85092658171409
104.87949085135374
103.85441234905207
102.86170390869273
101.85366378427204
100.83976929144464
99.85947141660512
98.86088145183237
97.86444961083964
96.87335503849192
95.84533370382918
94.85031462829187
93.84720836768746
92.83433019727492
91.83720063017071
90.82927671731808
89.8422693088877
88.82448786836903
87.83044708106645
86.8420176088599
85.81086976072744
84.84452062028404
83.83753054931228
