105.96871282654473
104.96490937015106
103.95185278677144
102.92945699510112
178.9475245164529
0.08184496145849669
178.96435699977113
178.04193257076597
177.0436685503556
176.01197913342872
174.994807882707
173.99752802949425
172.99904220054287
172.01188205278098
170.9776530254348
169.99989815567557
168.99689113968176
167.9968899507774
166.98709835258023
165.98639340208697
164.96951997354745
163.96728963407466
162.97285396368426
161.97811685002532
160.9732716836359
159.96568994956874
158.94663681376565
157.97391549263634
156.95896556051656
155.97111727867707
154.96746147337646
153.98241710948227
152.96169490932792
151.95245639896135
150.93650367431317
149.95726750878734
148.97024097777586
147.96194443430156
146.9571126182026
145.95344112058774
144.93547702662653
143.93514845935658
142.93569313135873
141.93406157916846
140.95018876274727
139.9442688659763
138.9471981851932
137.96177177595635
136.92514734859506
135.95342414701088
134.93388103773367
133.94113602048367
132.96726772412435
131.9317343069382
130.92948746144236
129.9455533517373
128.95592423680645
127.91774647445482
126.92087312408353
125.93236795293893
124.93754286235806
123.94273568675852
122.95492740732712
121.94926285048012
120.95963180684261
119.93964214506396
118.95799914522846
117.94987240025662
116.94370647262694
115.91485213515459
114.93945776202399
113.95312135387951
112.94487237536872
111.93590417677107
110.92920209090816
109.95416136600248
108.95147658852638
107.9570196776164
106.94074132114713
