90.2745645186975
92.35834011878046
96.92117444764365
93.97774088027599
54.581006883479354
55.587362768990666
56.59684310760756
57.57013166859034
58.56416069458997
59.56457717333946
60.56695477796405
61.56887144639156
62.572091490925615
63.553392067481774
64.5629840950934
65.57264512841108
66.56063308660279
67.56755553808374
68.56264462374848
69.57542719655471
70.57345882032061
71.57759433643359
72.58140102788474
73.58087430378495
74.57947167089034
75.57801006113212
76.5837287932708
77.57344745506029
76.84888179175991
79.56931302003846
80.57764917126529
81.56638724031697
82.56511705273643
83.56330117846471
84.56069534584377
85.57093550948828
86.57342172544911
87.57157645842292
88.56361268779943
89.56725977084989
90.56435291573817
91.56932802446981
92.5546034954165
93.56685905636658
94.55382406914119
95.55746178840106
96.56199686281101
97.56627018781758
98.56668988447832
99.55943628075595
100.5738803443976
101.56011495951064
102.5511549596616
103.54854552600533
104.55148859013984
105.54259041286909
106.53908469335364
107.53481297284019
108.5506179706892
109.54624053759568
110.54980415728551
111.53243904308883
112.54420369325318
113.54912776499957
114.5414560636406
115.53686543405738
116.52773762432722
117.5258427966872
118.52135042571587
119.51923812443944
120.53460144734973
121.52727859116186
122.52029414888915
123.51133888725354
124.52933325899009
125.52845422647252
126.52590819685109
127.52743624373333
128.52510629417444
