162.03686888215054
161.0988358322877
160.20512392988186
159.11442460839865
119.52751645394537
120.54638819561492
121.65062545456418
122.41284676977195
123.40107776175913
124.45094857645297
125.45955376372346
126.61730421827977
127.24997792358225
128.32563071654792
129.38194046672143
130.4416610298186
131.38403137314643
132.15939601378074
133.16780070011365
134.23059761662003
135.29533177495114
136.21609411765345
137.00169983707283
138.12210899439498
139.1421721478812
140.18431447890296
141.08061189215644
141.94658314145525
143.05332911234777
144.03170836597135
145.15278876260135
145.83752191089786
146.90474396775753
147.88653353266142
148.97375833212888
149.97974546840342
150.8424727300493
151.86500169450338
152.8279802735444
153.92356175566738
154.8863969533027
155.76643541376947
156.81392924919768
157.78287701123597
158.84794661091354
159.8504819022872
160.73621112684773
161.7202933030667
162.80013689608884
163.79419057942985
164.771663635711
165.6272050752373
166.62357582049933
167.7632236479542
168.74072332096944
169.6317578378715
170.63725904864012
171.60975293226383
172.64225792386156
0.6480770133675792
4.0724086886953454
3.500105056601412
2.794947272224087
3.3509143934238215
3.918827432385561
4.237401395156417
0.26542155763395936
172.3722687019661
171.43052300882596
170.46378694234903
169.5544625250014
168.57831554989048
167.6263508727537
166.638108807748
165.6652462950324
164.77632597339775
163.80355442706983
162.85029323526004
161.95565671296887
