141.07774868125682
142.0897470069034
143.06968118189621
38.665185728189854
118.7721588333286
117.75444766333672
116.76660830656012
115.7911312494474
114.79037639396525
113.7975205579269
112.79720359077919
111.81826755741675
110.78201314478065
109.77789902996062
108.77402434193058
107.80199340325477
106.79278487107806
105.77381336156479
104.80619828443872
103.78960907889001
102.76008233671487
101.81123460782044
100.75873639396997
99.7881106265057
98.77877586374589
97.78053147492649
96.77250068792323
95.82810218391282
94.77222687985761
93.78565475798239
92.7537469626847
91.78717303985728
90.80856359320143
89.7840293033153
88.79026333348381
87.77272759679244
86.812508407057
85.79598336459031
84.797240751269
83.779740284125
82.79938510874494
81.7661625191441
80.78839400044673
79.7432561395074
78.75894252073967
77.75585570136762
76.76910632680632
75.74672732767637
74.75186988948394
73.77971763162383
72.76581162650564
71.74802877629887
70.73623019249963
69.73074394291
68.74605762589952
67.73619229741132
66.71911197957105
65.74087057336799
64.73985255418694
63.74837580732877
62.72602211240031
61.72090365509942
60.74219519538555
59.73243264513657
58.741357202353996
57.72599834413436
56.73650723772059
55.76216649008093
54.75465392150591
53.77892029829375
52.74154542790874
51.76569248054266
50.782936088793036
49.77313269137547
48.75705087992443
47.75146677525743
46.74649200861078
45.72188492551667
44.716636950979044
