152.20212077689183
153.20775469817875
154.21732575387728
155.2050406626685
77.23141256326369
78.22366606493969
79.21365269478926
80.2185572087725
81.21146264055417
82.20768950707989
83.22327235604743
84.21179909892396
85.222314372087
86.21297037327257
87.20488396087364
88.22970511050093
89.22132115284542
90.21879524742235
91.2221361321033
92.21687551506844
93.20951813656653
94.20931244570474
95.21878159121705
96.21667422594132
97.21833651641265
98.19977567753644
99.21778258484426
100.22679339097226
101.21234828103321
102.21251785129176
103.2085931495665
104.20826724968522
105.21470026635663
106.1921618188782
107.21658487198194
108.21505217787646
109.20931276321362
110.2098653266777
111.20271825442599
112.21671032085702
113.21032041330257
114.20876112362951
115.21142655333153
116.21507410243062
117.20956537181799
118.19200880355734
119.20035991352455
120.20432896103694
121.20375120790254
122.20437317592615
123.20328304298054
124.20608797447095
125.20248962961003
126.20241480099558
127.18965769766189
128.20301075502744
129.19858304469145
130.1878331209538
131.1985052503491
132.1925017478437
133.1959997436641
134.19458398361263
135.1964625846111
136.19251231849412
137.19268625467447
138.18463777066535
139.18170490157706
140.18876425090895
141.19266484988393
142.1873694359655
143.20851539120315
144.19883505964745
145.18512643215774
146.2010006087561
147.2017208553757
148.21086108025537
149.19837555485535
150.2029559384402
151.19444346358114
