140.631968851191
141.60378423396358
142.6118488377643
143.58085598690207
64.80381266704076
65.79002667608893
66.7861100160275
67.79021722424746
66.93189152975918
69.79023668745796
70.8022823468258
71.80063430468822
72.7864513068081
73.77906055927188
74.80667441126234
75.84379172629605
76.75196024365727
77.80989214667011
78.82899222486533
79.78491248748868
78.9317095787501
81.77980227062636
82.80645679684297
83.79290057078738
84.79054457953833
85.78498901924847
86.81568179612822
87.808075575635
86.91425242575072
89.79350390462206
90.82759227901029
91.8079124520902
92.77960364835974
93.75872953219606
94.77802223949692
95.78812210248016
96.77292594991054
97.7861297778299
98.78154819291287
99.78688986261945
98.86542811032315
101.77852717452305
102.7871504462145
103.78712080925402
104.76827788221956
105.7957280897408
106.7877305631108
107.78407025475778
108.80807498033188
109.73714827527937
110.78522239312808
111.78201800667581
112.76847551153011
113.78712392275037
114.791371957583
113.89365528224626
116.74770352687074
117.75284569314091
118.78752129530751
119.77055066657508
120.76775115190709
121.81315226286206
122.82065722429833
123.76934135153343
124.82096555741096
125.81524320627834
126.80170915035656
127.78597135773497
128.78254626599588
129.79978210255794
130.7912985672976
131.790952204969
132.7907692369992
133.78346677883616
134.79916713299568
135.80269849191345
136.81246847701462
137.80278179202713
138.83044590594352
