76.99335936237186
75.98974551016299
75.02186888614452
75.29796939977955
150.29714345143668
149.26809747895643
148.2781484982329
147.27553127185223
146.27001102468935
145.23122916800492
144.22229233165837
143.24628601142734
142.18384621004347
141.22907437228776
140.2466609146045
139.21471471777645
138.2901989110969
137.28567464925996
136.2578902611306
135.26162653966105
134.21997378631215
133.2474607302042
132.28701627220659
131.2322184363114
130.23948699141104
129.28362095006835
128.2422606025713
127.24466529117606
126.29215370867297
125.26167578064101
124.28296506788917
123.22127255042253
122.22560955431854
121.28909045127557
120.22996470838699
119.2196919515157
118.23816351239735
117.21361995651691
116.24241315371432
115.22069356770501
114.28341754603507
113.27209956276198
112.21538786272225
111.23904508832656
110.25790266501738
109.21231130955528
108.19829326396177
107.24716394166477
106.2436063409147
105.23385276594212
104.22193481611724
103.29742591897305
102.25854697870334
101.26135462725533
100.1774318342574
99.2998134280391
98.2570992756018
97.3207840890145
96.31981563301107
95.29583322482073
94.28513345719975
93.2877703664464
92.29809208560002
91.26951410423413
90.29222077360083
89.28912829099035
88.26736360673925
87.27874062594563
86.28803378337308
85.26628272835157
84.25879272484023
83.24044395333804
82.25113961104671
81.27913122334151
80.25361091824455
79.26297112663426
78.28805511193946
77.3357689780782
76.2992642585686
