49.39853102644717
122.79364947231598
123.75559183923183
124.74799583630082
47.93548746313002
48.97455453207832
49.959785569504305
51.002333571416266
51.944334954861
52.97428144075329
53.95062339094217
54.94960046451945
55.923113794354556
56.91813123170611
57.93813663404672
58.94787561131357
111.21064034924515
60.96019939743109
61.953307418942664
108.21582772866728
107.22893588848419
64.91761172964503
65.93039049738097
66.9100337363749
103.21410120169548
68.94380157336313
69.91089907330355
70.94278997430855
71.94811034847554
72.92311362797888
73.92112232493326
74.89892599059273
75.97213607448035
76.94057956466531
77.96913083029524
78.92349904678998
79.96769757351527
80.99271750897749
81.94520039429224
88.21448590828369
83.93233177442104
84.9684035291551
85.92362659226329
86.96716758061893
87.94336737157086
88.9733857300768
89.96039173985605
90.96905406495033
91.9253940457459
93.00229918401922
77.21109038235907
94.92705095883146
75.24349639873796
96.94059966188348
97.94895280823492
98.92897548875082
99.9281256704032
70.21786060471867
69.26539178477053
68.26244067390934
103.91737379825253
104.90313439201472
105.93118220534716
64.25197924164878
107.90053946362016
108.93755743914433
109.9185055221267
110.94006274808886
111.94839680670576
112.95602975195492
113.92822042333208
56.229957958469946
55.255240329921854
116.91952444162534
53.23224018266382
118.93885381937926
51.25302518286261
50.219134849321314
49.242246393364034
