136.31841949689894
135.33706728553906
134.3769921089354
133.34494451802757
148.44691514917974
150.72477982300896
150.49080799630372
151.28326492128082
152.31757681623782
153.45705026431656
155.73401881351685
155.345655316526
156.35218742242634
157.29155106517214
158.53873765121037
160.76588595009568
160.2532668254698
161.2620204277761
162.29595823081436
164.74597799190317
165.76272193466116
165.28130230048865
166.21155089915692
167.19709537054635
168.4912453623632
169.53751629899818
170.27507911264044
171.20024159868984
172.36199847871973
173.43290506461875
174.2788316475894
175.2052937292579
0.4433939909404468
1.1957094181242869
1.8054833752070625
2.484036075947975
0.7104813103121536
0.09107696005869972
174.9856380495265
175.23322357771946
173.03844394308666
172.00839088867923
170.96223775901615
170.26896336275794
170.20815837431712
168.17646344458882
167.0423932073396
166.15722337941986
166.2118119825658
164.37199382571245
163.2805135370151
162.38484521583865
161.5158888960207
161.16506924072496
159.49782443313399
158.50134735549128
157.476459492778
156.7027750340158
156.14380658463782
154.70993486071424
153.70687212355162
152.70224571158204
151.9289325197508
151.19431873255954
149.9220074591364
148.87296361623157
147.83548694749382
147.04218626265123
146.07110440087342
145.0150049052239
144.0757461827202
143.07833209159247
142.08521109464937
141.0848752615835
140.14530908306253
139.1352740443951
138.10048234682037
137.07380311748128
136.06874485787284
