139.80376154841318
140.85562729846455
141.79595830036635
142.81968435107567
118.32794105244918
117.34241393476296
116.35873693470096
115.32159309743727
114.30566159225721
113.34432691410676
112.30031424272592
111.28570425566156
110.30067324087948
109.31533076651569
108.33148002896459
107.35240625673131
106.30234388220093
105.34745964408516
104.30028052226217
103.3359982393435
102.3229814219562
101.30783347589069
100.2896679175821
99.26883492013246
98.31515902546396
97.30792779786421
96.30369306965294
95.26150692845906
94.26183790655804
93.27109099886512
92.2341760475062
91.27178593529909
90.2753392908159
89.25906524516921
88.30129120961115
87.26681996577001
86.277851485874
85.25723072400096
84.2669644280051
83.27907672468251
82.26868104067209
81.29021720180471
80.23266557635216
79.28534744035001
78.3033021550548
77.27003020991324
76.26364430865677
75.27364285064262
74.2311007374594
73.2477028407583
72.24457408848487
71.26338262874357
70.26018790496994
69.28240361188148
68.30923899561854
67.26331531221133
66.26841596803573
65.27667037721152
64.28102261273226
63.22953087194717
62.25824726874137
61.23625598323399
60.22435139330804
59.218935093053176
58.21293547520476
57.24204466465308
56.22684541084294
55.25012084621691
54.24075648578154
53.20876957643118
52.2625467278586
51.23363869152311
50.209589455564156
49.23053804878584
48.18848257255396
47.21222238089665
46.20943223725864
45.22145530041388
44.191016663571745
