132.2807152356455
52.87908890945899
51.87948765750636
131.32725981291782
126.11595674887845
125.10874432008809
124.11508812312978
123.12868658683075
122.10215072362618
121.0869512402773
120.1159051339166
119.09520830988649
118.09151199246692
117.09724933870872
116.12363444674386
115.11206518123076
114.1135485727523
113.12062587944898
112.0862138483419
111.08635424631981
110.06713642227983
109.0912546456991
108.10267159715639
107.1067040631986
106.08522438408829
105.11250697179081
81.98091052855064
103.06563812357847
102.09155851845388
84.92987217550015
100.13455785538699
99.11203906310087
98.11638127927894
97.13475988102131
96.0746640844398
95.10464532748193
94.07572264369276
93.12150893899542
92.07470499579628
91.09508628235875
90.09576850080805
89.11640896865356
88.10892386633714
87.11317242585297
86.10138000188944
85.10676253414886
84.12418904644547
83.11000450176284
82.08141106443539
81.10884706543514
80.08603202707782
79.12256124457754
78.11977495256139
77.1144695027568
76.14857675770315
75.11025913128505
74.13502301820067
73.09321705606644
72.14321698501833
71.11937060449247
70.13721058931566
69.15590148709501
68.10674772334725
118.89915277992294
119.92028864385463
65.1124267008329
64.14779231110151
63.16992172816235
62.15979535879913
61.14839512793909
60.14253654465701
59.16236950983238
58.15589693048577
57.15597460327682
56.1617545229297
55.15651792616664
54.1884424030903
53.189722004049
52.161572102219345
