51.18192344322846
50.165953536708145
49.1849024056904
140.44885448873282
65.60592303586564
66.63489263985446
67.62568354598665
68.66220797620544
69.63244198834899
70.66632722289911
71.66423148660137
72.659177356162
73.67637693332375
74.63403871953462
75.64945515574635
76.65165130380993
77.66666842032059
78.66314016570055
79.65444380598677
80.66070505818226
81.66989517322655
82.64666392902932
83.65185788691234
84.65529898682028
85.672871725466
86.67988005359973
87.67580564154213
88.61294108851612
89.67578994327339
90.63216332161761
91.65533748996054
92.68648821812003
93.63671298050843
94.67286813854966
95.64413070615268
96.65971281968304
97.63631332951815
98.64378113232459
99.61211475088894
100.6056220904485
101.64979137220172
102.64808466140495
103.64210452933777
104.64649446920276
105.64235321429241
106.64902025323146
107.66017006401582
108.61819318385068
109.65992595628059
110.67731481430232
111.65887745879958
112.65475710497952
113.64586735288644
114.64186923519446
115.62081111756221
116.61874847343412
117.5910435923097
118.63295942216311
119.61781508760049
120.65839707813637
121.66350072466052
122.61919121434596
123.63996007971782
124.62663310091264
125.62934134890699
126.65901539449365
127.66311001509494
128.63337034198187
129.68624585380542
130.6665063550707
131.59621699672826
132.58457908540842
133.64303177629571
134.6042647938283
135.62499725195266
136.63545531180878
137.59352148076857
138.62845751481967
139.62398264583874
