37.0907138033725
41.96251847026248
31.0206540104043
37.62993922980103
134.14061562837207
133.13836215262342
132.144117905641
131.1416237317563
130.16574391990412
129.17071118363972
128.16253105047508
127.1451872213427
126.15079574173701
125.16832684990634
124.1795156577638
123.1674043737709
122.17667932700431
121.17770707106078
120.17462001122453
119.1652226924463
118.16310898129868
117.18852815190907
116.1831733762666
115.15881203990112
114.17555195144635
113.14611892513268
112.14543144097914
111.14404952744754
110.14280375121363
109.14644591300075
108.14533922854407
107.1682663099313
106.1455240266583
105.15192231158247
104.15567942506928
103.14723527664806
102.16387137342087
101.1490143517956
100.12717605301658
99.1451567843603
98.15844040638946
97.14437325852221
96.1445094863905
95.17644987353869
94.16020230573311
93.1784083187876
92.14602393665712
91.12196738640681
90.14245416847669
89.14760476076891
88.12251118249755
87.13756627126213
86.1425910420649
85.151380237112
84.14584309772799
83.14395911521868
82.15454056980096
81.14089928773541
80.16080973435514
79.16607933453673
78.16148190601398
77.16645599899364
76.16019908849887
75.13580525014324
74.15046339451682
73.15394541110787
72.11589204642252
71.13999877996167
70.12844058586533
69.1390037122878
68.14834654177248
67.11983403039247
66.13126668311402
65.13109176640695
64.12521059295374
63.119545996562586
62.139549408881884
61.13951358335104
60.14307731863924
