76.45428071284752
66.35015968283584
78.89616656336392
81.46315594370823
66.11473182884785
67.15129199356498
68.17110432189938
69.18622051436499
70.19644031548077
71.21974962422418
72.24166629562832
73.25385537848072
74.2851514607065
75.30805114446288
76.29589502597683
77.31069687625029
78.3082052262813
79.34855185996216
80.35114482081633
81.35372281136193
82.3482731290354
83.37161870264788
84.40534731155115
85.40905774270253
86.39228637527178
87.40186751289008
88.39613472363354
89.40364734272465
90.40794566000775
91.43168244003046
92.42100579395198
93.42769605749378
94.44132025929234
95.44115030409827
96.43677698316941
97.43488402872651
98.42641832061031
99.41837225987238
100.44521012308067
101.45931863695813
102.43150426842473
103.46316365721417
104.47519389691575
105.46098632649338
106.46230584382302
107.46677763669655
108.49567753961097
109.51266773741973
110.49062437485668
111.50879114242062
112.485971475896
113.48278306715864
114.49014806222317
115.4940618413262
116.48565579174182
117.49570840530342
118.52127909734092
119.53309414303995
120.50788483257976
121.5347371475242
122.49966422556857
123.53216637235259
124.49236918686196
125.51938123704399
126.51858165768199
127.5282115458272
128.5307930900791
129.52592277778962
130.540129322364
131.54504614244982
132.540019928563
133.5758503291778
134.57189501912
135.55352205833367
136.55946412608867
137.5564784077147
138.55649063028605
139.59530844858776
140.57968387871693
