69.76316149984802
32.66403514273347
37.954731075455925
58.22611897611615
128.465724445821
129.46175285872374
130.5035517601951
131.47381648298295
132.4941553570123
133.5098394921139
134.50074862020722
135.48397837318774
136.4719680861766
137.4825497733321
138.48735408292558
139.48844060305825
140.48576001518234
141.49060800415472
142.47691460723067
143.47653695468006
144.49615761763604
145.48931312670277
146.47990173871125
147.4751638060139
148.45024320521875
149.49260335926732
150.48400199606573
151.47549799640313
152.43881993871636
153.4369655144708
154.46540965465203
155.45463628903462
156.45082378515792
157.44661109077418
158.46479546355832
159.44351212632225
160.46285550438975
161.4298670009666
162.47286292394114
163.42907299512237
164.43267506010275
165.4397090908288
166.432565339592
167.448179653348
168.4135637818201
169.45811241713656
170.4804519741795
171.42395801049045
172.4403306959072
173.45851759331038
174.4672439480551
175.4459879544626
176.41516036683817
177.4146191727282
178.40476114470906
179.31036834290407
179.32271123481542
178.40798682497984
177.47536624386439
176.4635315946709
175.48840023044127
174.51049243963672
173.47051899631415
172.51038081450375
171.54465830641368
170.48953339208103
169.5016813746927
168.53272414655115
167.48645355678252
166.46677011154748
165.46427193451237
164.4823487106685
163.48120589267822
162.45546754728667
161.4718449075544
160.50594121839865
159.48732859431027
158.4549461686276
157.4982068998542
