331.6428571428572
329.20238095238085
327.5168316831683
326.4594059405939
325.6277227722772
324.60594059405946
324.14285714285705
323.297619047619
321.4217821782179
321.13095238095246
320.154761904762
318.4039603960396
318.3564356435643
317.34653465346526
317.10714285714295
315.91666666666674
314.845238095238
313.78571428571416
312.8095238095238
311.7500000000001
310.2059405940594
309.8928571428571
308.7380952380952
307.64285714285717
307.49105367793237
305.79625292740053
304.7380952380952
303.70238095238085
302.73809523809524
302.1709741550695
300.7738095238095
299.6428571428571
299.21272365805186
298.13916500994054
296.6861826697894
295.5
294.5119047619047
293.6071428571428
292.52380952380946
292.11530815109353
291.13717693836986
289.45238095238085
288.41666666666663
288.09542743538776
286.93836978131213
