7.947906976744187
8.249302325581397
9.191724137931036
10.387184562097971
11.16279069767442
12.290232558139536
13.406511627906976
14.289655172413795
15.13206162876009
16.386976744186047
17.391627906976748
18.273488372093027
19.282533399307276
20.48372093023256
21.34325581395349
22.146206896551725
23.084137931034487
24.234418604651164
25.328372093023262
26.36651162790698
27.48279069767442
27.972413793103453
29.257674418604648
30.48243443839683
31.34511627906977
32.05517241379311
33.10344827586207
34.34790697674419
34.39015338941119
35.31906976744186
36.49430974764969
37.37302325581396
38.40000000000001
39.393488372093024
39.783565663976525
41.480930232558144
42.418604651162795
43.445581395348846
44.372093023255815
45.45645719940622
46.02482758620692
47.36372093023256
48.51348837209303
49.44
50.277209302325595
