20.871733702964157
19.874503268029844
18.874405912770953
17.873967970132053
108.9778370828858
107.97188057488015
106.96951045170088
105.9717365860632
104.97589163165031
103.96901178334522
102.96659211321251
100.47116176220324
100.96705281326481
99.97273068742157
98.96760162735615
97.97047029105876
95.4677905353068
95.96927606586284
94.96355514509774
93.96889922294771
92.96605432980762
91.96497859627969
89.47124855926997
89.96859094290383
88.96814443766249
87.97011916344589
86.97352063402629
85.97542969189674
84.96823353149887
82.44683927000581
82.96505322305684
81.96504670797664
79.46270319427873
79.961486082917
78.96349569005712
77.96920235611344
76.96253144757576
75.96143956368641
74.96532034834549
73.95926635228503
72.95767046643734
71.96575100875913
70.96259425779984
69.96383623316211
68.96293893731028
67.9620148669581
66.95599366872793
65.95904815803031
64.95973175065475
63.96007464859086
62.961631570760616
61.95618225969859
60.960649423016335
59.95360382769166
58.95618741325349
57.95764673862473
56.95407177458166
55.954462595126785
54.95074514423475
53.95211097616609
52.95061455380181
51.95506513805264
50.956129404487214
49.94981423087714
48.94910978892382
45.972509546145105
46.94846930186408
45.95334409317155
44.95353948813381
43.95032771669363
42.95319346338012
41.95499653484444
40.950601857096665
39.946009430542766
38.94537615434939
37.94904811971014
36.94718072763862
35.951096686430766
34.952358708972504
