7.809846490492163
6.814354846743615
5.797801825505712
175.19574866465524
95.90714171162466
94.90776558754389
93.90850370305277
92.90895136469021
91.90584417158121
90.90925386851073
89.90522352417702
86.86568686372998
87.90282482336671
86.90806381620406
85.90126711981908
84.90338970474787
83.90226384234086
82.9015380172565
81.90413836748066
78.91325041254854
79.89807855646804
78.9002170368458
77.89585942341829
74.89990965317946
75.90059829815495
74.898231963252
71.95537927682638
72.89385933095956
71.89062834158753
70.89233901120768
69.89071767927248
66.70194655198672
66.38765551571694
66.88456027236786
64.38329741511527
64.88366393376862
63.88834068849365
62.881749958815234
61.887649158975165
60.881979761182606
59.88467292385811
58.88403687078134
57.881924809551364
56.882871171703705
55.88401642615595
54.88238442092735
53.880864080527196
52.882121667172456
51.88055692857616
50.880436658423505
49.87777326373416
48.88009515635384
47.88094282227197
46.875794144316515
45.88065142175244
44.880136371177116
43.88040289437655
42.87741867142977
41.875832797132844
40.87720454590532
39.87506288211529
38.875085077707254
37.875093176452445
36.8703646789695
35.873952502357206
34.876411933774335
33.87756121194955
32.87767659048737
31.87554758877445
30.87387304024852
29.879193737900575
28.876449852333568
27.87895059748764
26.87522579069512
25.876630115397095
24.875302486585785
23.87722929756774
22.873611184958044
21.87207020750358
