7.810507992665876
6.814949490574386
5.797919680995841
175.1921797425543
95.90271074118743
94.90424999691743
93.90509836198085
92.90615793364512
91.90183544011504
90.90596508855424
89.90247025516607
86.91202822663828
87.89924078980788
86.90477981658185
85.898706678203
84.89976090187282
83.89832642324905
82.89968230626455
81.90128395508397
78.97768854359778
79.89596253130165
78.89787138758211
77.89255128755605
74.9828005765568
75.89944149107501
74.8944017758305
72.02930633303544
72.89023567109034
71.88806732404335
70.89131384321166
69.88732346275404
66.85527818553366
66.38477554635833
66.88169036221281
64.38453221941747
64.88445001846698
63.88898454667173
62.883057333192625
61.889185236683026
60.88258532499507
59.885603168631704
58.884787712109144
57.883452568128526
56.88372061499786
55.88494088835737
54.88402573430338
53.88174819645052
52.88347955288563
51.88115816324026
50.88185861758385
49.8789938575218
48.881261521299564
47.88217294577129
46.8779879487702
45.88156444358659
44.88132780253285
43.8823602396329
42.87780999657283
41.87751696883371
40.879001139769244
39.876234104583524
38.876236599601526
37.876502136689
36.87204287246059
35.875582382249256
34.87820621668963
33.87893066950124
32.87784572298139
31.87666934007246
30.874528045191685
29.880190210480688
28.877420812855522
27.880660035295957
26.876660004176035
25.87704121816528
24.876180979291107
23.878793466120694
22.87437371491579
21.87404541579735
