75.68682338738506
76.67914114560506
77.68682920176317
78.6869689800192
12.421601891354218
11.417023550409379
10.418913074728403
9.417922003615733
8.422195152863987
7.4238629038334
6.426782742423448
5.432538733329126
175.07994499475825
176.04607167021555
175.1050565582995
170.09475365758558
0.4357057978360177
0.578931711411085
1.575721959764901
2.57707539742728
3.5683109892912084
4.576562130447557
5.5795093202404615
6.581281658080489
7.582382312469342
8.581290813345747
9.580518578703542
10.596104848787348
11.591792803884475
12.585359917686448
13.595495895230064
14.588796686370586
15.595136120340673
16.589803992039773
17.594614947952863
18.594740929901807
19.59965657922703
20.595118739343484
21.59903090643138
22.6014539673775
23.598353184044893
24.602232873557437
25.594517625710722
26.59641733150514
27.599765957461738
28.610385747634783
29.602935087952844
30.633509448515955
31.59756136716528
32.60719766278318
33.60662646907884
34.60709569919016
35.604134487206665
36.60910913003336
37.603967826841554
38.6008683128602
132.64489193259783
40.60713967082057
41.60604123103949
42.60656416574128
43.60917053922353
44.61076367344993
45.60998609016857
46.606038269249474
47.61151213003532
48.61341029885388
49.61326826817722
50.603930240251074
51.61359823019499
52.61100583632982
53.61397312098951
54.608697402662294
55.613145449775935
56.61381356896714
57.61826311557398
58.61519288487829
59.61020384262645
60.60333217919035
61.60803493928549
