36.5016778289565
37.49905982943631
38.50030602919545
39.495653128114085
51.58434677571827
50.57839362279154
49.57954195754162
48.58148212157799
47.57957382442346
46.58266654527951
45.58409297742963
44.58091346836342
43.587273008294694
42.586610991619274
41.58780862539265
40.58344271241092
39.59123254662762
38.59312674301488
37.58803833458264
36.58725016712575
35.592888517382626
34.59083364689381
33.59023577508618
32.59008358729285
31.59169295195904
30.591741507596915
29.591033969639966
28.5896555193492
27.59293113088546
26.589279103059067
25.595774651537134
24.58778642913248
23.591262133938557
22.593995157904907
21.58977005443831
20.58792997432113
168.10520877569974
18.59410335666667
17.595991784083086
16.59659076817321
15.596749076883565
14.591164077298403
13.590559760472779
12.594861204663774
11.597355670225642
10.592602885044872
9.598886658498936
8.59327226634904
0.1238605297761524
6.594584015690834
5.592425703179565
64.60767653140817
2.173212542529898
3.2876412641874473
4.139259518185819
0.9557814488251515
0.4065793774918951
1.412243604728864
2.4077791860085633
168.87721091205773
4.410776134006002
5.414895524846398
6.415383215634608
164.86205041686713
8.41957745317991
9.419658736350101
10.418874816371998
160.87499179137447
12.417231985761775
13.42621809193377
14.417454043629007
15.422726242775948
16.41770531137301
17.42908345583485
18.420652959501275
19.42270922256182
20.426381041649698
21.42346737229102
22.429509644072848
