20.872540029567958
19.87550770273375
18.875699403940366
17.875040767483473
108.97462854289459
107.96948551017239
106.96728090807532
105.96988980320127
104.97332635217788
103.96708351638208
102.96508028442932
100.469885615142
100.96667044684388
99.97082641125486
98.96556920480563
97.96957642029598
95.46593683083735
95.96817361631767
94.96188978167484
93.96758007836355
92.9641753951983
91.96309821845354
89.47020669672702
89.96703469863589
88.96665759986084
87.96871550957444
86.97109281161265
85.97402997805801
84.96660297702545
82.44460563275901
82.96368862570505
81.96351842006773
79.46198172179814
79.96053709944415
78.96210973355215
77.96703658521824
76.96131951494245
75.95945877037173
74.96314840321652
73.95807060567212
72.95584861290746
71.96308923081402
70.96198485751263
69.96159332984256
68.96131230297799
67.96102372322183
66.95407235514315
65.95785381396286
64.9588489018295
63.957823769371885
62.96085042157982
61.954697693616396
60.95921869778769
59.952637916127536
58.95481188115859
57.95597740298534
56.95313655055839
55.95303603979219
54.94901303251926
53.95043696036722
52.94911298835404
51.953817911679394
50.953841436638
49.9488870035802
48.948724128117114
46.09732245635914
46.9473442883546
45.95236122468429
44.952713592067525
43.949525895886275
42.952209377277825
41.95356348653447
40.94936121497273
39.94541620813604
38.944519228890826
37.94803325952024
36.94541681531728
35.949940677739335
34.951341725279995
