49.83244218924181
47.14432127558982
45.67030309930377
47.496410065342666
179.40745458892093
1.6311719621479233
2.62188999523602
3.632277141211691
4.626251989145994
5.631363286652059
6.622902494482865
7.635186608120518
8.640012213703342
9.643577005204378
10.64500813427985
11.637394192342516
12.63877462957468
13.636113097735272
14.639903816457359
15.623431473062949
16.648616152341926
17.64268168196866
18.643201880820257
19.651366828710408
20.65022884355556
21.65413873771594
22.64829508643131
23.65395393934016
24.652445711635945
25.655414571329807
26.651014763362472
27.65355212591705
28.65178329889325
29.650192761496246
30.65273552549638
31.65488188439557
32.65799944044086
33.65762378899864
34.653978221258306
35.660777600840014
36.65844520065208
37.66071239725284
38.6580185101044
39.66135794607151
40.665161613821645
41.6629435317154
42.66510349499515
43.6600051980229
44.66204039741211
45.65887230650434
46.669294128015885
47.66696721439151
48.66502000020573
49.666050204314566
50.661919639336794
51.66176058243824
119.57377785156334
53.668732664910934
54.67322373576286
55.671276127535094
56.66664306108373
57.669863058186
58.66426517028389
59.67230942180725
60.67568787512582
61.679899898993156
62.67274386878836
63.678527100520476
64.68121292908239
65.67600931314672
66.68294093814109
67.68150838047531
68.67751456452007
69.677052709306
70.67322951587951
71.67943938492893
72.68480725736508
73.68473956825359
74.68449610915603
