44.15104666552691
45.50889218345036
44.86188928125319
46.936509834041765
82.8181238079283
80.32397615537896
80.82814758460405
79.82440720510797
78.82958900161752
77.8270949979721
76.82900079091797
75.83032695644897
74.83309893590119
73.83286021791527
72.83285216035563
70.32906739835916
70.82947156550192
69.82292397680465
68.83176868330374
67.82899872737325
66.82798133483504
65.83288663779983
64.82291787199554
63.81401366742167
61.303248176138226
61.80290609544287
60.80234725362452
59.792650113410886
58.79376755364019
57.79659217278484
56.79082924533102
55.78982005560564
54.7926815593423
53.78898343718395
52.797222018315125
51.80792316924408
50.807339045185955
49.80096439271831
48.80326292055893
47.79681801399645
46.80058747463366
45.80557001939446
44.80274852266158
43.79742032592965
42.79768384583389
41.79337088195777
40.80264235043877
39.80293636501024
38.80536839051984
37.79110675771827
36.79023599061589
35.78921596607235
34.79510759168519
33.79358582257712
32.793963728528624
31.79067224184579
30.7906058659467
29.790434971606857
28.790832142392446
27.789606688416992
26.792373884653767
25.78965767414318
24.7871521438373
23.78800730198372
22.78675314251745
21.784420075662723
20.7862218059102
19.789864746441072
18.78622229434798
17.78954058179883
16.78380034621727
15.780783867401839
14.784170405384032
13.788199650730183
12.781619388074796
11.793192075552755
10.793375499292804
9.801237855211335
8.80997392918703
