49.56016709615573
50.55491485600479
51.55855449798626
52.5647086486393
38.52504070720615
37.52390648288438
151.16516323278606
35.52117356195125
34.52290955980188
33.51616885370669
32.519288426999275
31.514763194638615
30.523161630876114
29.51597806302406
28.519691889972652
27.51879719860012
26.521501399900924
25.518113425831068
24.516913286486474
23.521600224950088
22.51854495404729
21.517320713018513
20.52282118623079
19.514281403081366
18.521354441947572
17.517078411329383
16.510678638841767
15.514982076867108
14.507980397726582
13.509707789403786
12.51759658186069
11.512291237642156
10.509622779128078
9.508614302714173
8.515581954442084
7.519834170765699
6.522680610937311
5.517182607365415
4.522201357753555
3.514859859077838
177.4523574079301
173.82708237272269
179.4436997614143
0.4806615888330566
1.487243541450579
2.488326668569687
3.4857257304237117
4.489708077004648
5.482299884296627
6.483041131740769
7.4813586723569285
8.482264255946108
9.485090620870183
10.484417050476088
11.48267503277905
12.483711452456502
13.489924859616522
14.483139923825412
15.487248877660791
16.492074743392564
17.48421180526762
18.485331011808533
19.48847682006931
20.49446694584854
21.48730904834473
22.487076378594555
23.483007788731673
24.487176881936385
25.490288142794192
26.487384413895523
27.489096529850695
28.491297944703714
29.489079254295266
141.78477068514792
31.49429961301529
32.497262691252494
33.496942772101136
34.491027319036654
35.4928645634241
