80.11976185394451
268.89578234907276
90.8064782506558
90.58110019606829
87.63592348032398
86.62290227552876
85.61622498845736
84.62271485605743
83.63466560358393
82.61888447075034
81.59161728360414
80.61967782833653
79.60675327406534
78.593866099519
77.61058870112174
76.59001786197769
75.6214958397477
74.61720831390994
73.60464288671392
72.59763663182093
71.60512574703353
70.6010321814374
69.61388066838117
68.61840080028924
67.60882591205882
66.63254968091132
65.6184717389624
64.60125502400115
63.597038283267466
62.59381171793575
61.59061565906086
60.58342325609283
59.58754570284691
58.599362810811726
57.61064646062732
56.606859579801494
55.620353327305565
54.582157018608996
53.60010216018054
52.594050006788166
51.611757426660915
50.579189525102265
49.5888216936346
48.5709014110289
47.5910033944092
46.611525180065655
45.57720223272918
44.61497962069916
43.61578384676659
42.59087243246745
41.610396661744744
40.58040681631974
39.59289579164215
38.615241150360816
37.59252029190975
36.58582453294366
35.60909552922385
34.61584339521505
33.611660441032654
32.596873089938526
31.61300376889085
30.59297970047919
29.601549481900292
28.611602016417237
27.60410020894051
26.60389787726308
25.600209340547735
24.604602547599825
23.587757209843403
22.600614175975352
21.616024466560702
20.59132197105646
19.606691007254994
18.595237682828156
17.599970349772775
16.60765630509559
15.6080939947783
14.617905666818842
13.633587040450948
