83.75711648912693
279.29465172940036
80.98373334954886
81.14319860736941
81.80645239281876
80.8065265137293
79.8205497281997
78.80051410013766
77.7941392952489
76.77558838759433
75.77189937431285
74.79479487516073
73.8082010003709
72.80001760041341
71.80733915501878
70.7986517128993
69.80652958746941
68.82361268722889
67.82612404575048
66.82926664562524
65.81066490488229
64.81359188704118
63.82852879928032
62.81440578910406
61.81164058273862
60.79446898036076
59.80370174032214
58.8181028630861
57.807626870845525
56.80729770135258
55.823580956971455
54.808170523272565
53.79990704580996
52.7996596736366
51.807576274630264
50.80421861344803
49.81539363251295
48.811207102138724
47.81703407530949
46.831120437007485
45.81919302344181
44.80453261072398
43.81363950546074
42.817806860868586
41.827539769579744
40.81728707149159
39.807585872880736
38.80548337136497
37.816505625602986
36.800715324534394
35.821185510233136
34.820542032617595
33.82478604867356
32.824570835021404
31.828394575473794
30.814514117290855
29.822370257148577
28.830132097739806
27.802167963269312
26.819258753159374
25.835031697527484
24.821939844849112
23.825664949046313
22.82512784356004
21.822232100291217
20.826463402419904
19.826256305352672
18.853631440688332
17.852071586297825
16.82657910396665
15.836986686197633
14.81009123448348
13.827304820795689
12.82157705588179
11.833111255542462
10.842820607642352
9.848990803238848
8.811732034133456
7.817784936335556
