77.70326932201897
94.54352259513325
93.90384914980496
93.38607375623178
87.30749186043613
86.37591924855224
85.35578079165134
84.34063401577077
83.37247983901034
82.34700282080667
81.34992023382438
80.3475945545506
79.370192268565
78.35164512562187
77.36844551764807
76.33502416990814
75.35887677367646
74.33897848740162
73.34481755342858
72.32746395282447
71.31537382227543
70.31056489590264
69.34120531332155
68.31868313685027
67.28129650055052
66.30904373030717
65.3101752048915
64.25241164116323
63.2636718172846
62.28675615590055
61.28975749932033
60.28858206113364
59.26893016681424
58.28998471133855
57.27745477835197
56.2543105167133
55.25763922560873
54.27624052979809
53.22591839038796
52.257641887870705
51.26373674944625
50.210577237452526
49.22646994461138
48.235836028674385
47.23114459126191
46.197179633323685
45.19665106660614
44.223540832917934
43.19902005854108
42.19556257865952
41.22254094185337
40.21034680897628
39.21601172152441
38.21694863016637
37.20608460994481
36.19094881697856
35.197869504050686
34.20874189285678
33.18686417432036
32.17120000042041
31.19272910608612
30.176619160316477
29.206210033204115
28.185005882683072
27.18961031921208
26.184501656411157
25.18918793530338
24.186406516848365
23.181297567429283
22.184221835443168
21.186047355433402
20.169737251324477
19.21486252399336
18.176757235672994
17.177571765925677
16.193100284101092
15.197480341852497
14.17575067931466
13.17891386527117
