86.67513123879527
83.26731152909088
83.79020699616376
83.70649845440062
81.91748534007274
80.907312577634
79.92175825203412
78.93423066592368
77.93406451376723
76.91818548151059
75.91534921704852
74.90164964970245
73.9187283887295
72.93035454089659
71.90888602141058
70.9356268437914
69.92221335771319
68.93720449841203
67.9354743159347
66.93909141809388
65.93678447444017
64.93531025414995
63.94248492855695
62.92713699205706
61.92952790614072
60.93032297598256
59.92705621816276
58.930368479006574
57.93793959783625
56.94289496184501
55.92514271478285
54.938231284335416
53.92665282637245
52.95633313192229
51.94892367824741
50.95295156078282
49.962636490741716
48.94800109757648
47.92463143879286
46.94985521110357
45.93771803940945
44.95741446988541
43.95483758912087
42.946310713294224
41.949173070119286
40.95148106873967
39.95207963113353
38.951034067951696
37.96008498611627
36.958594687828736
35.92570141726901
34.94399358033843
33.93515119601216
32.95904143650114
31.933667222321674
30.95052146440321
29.959212448964536
28.952325189129624
27.940232400171226
26.95301767498313
25.932992626097985
24.924269202630967
23.940448075783934
22.939575033204164
21.942526155264204
20.92503211519852
19.935269032208907
18.94443862636399
17.95240810639848
16.966205707314657
15.942272675340064
14.96030559706196
13.952777252095984
12.943742655166716
11.934055651244307
10.92664652417443
9.931058227954054
8.94444195721735
7.936339293160017
