90.31135270630239
273.7041815748926
86.10422122370437
85.80623355693751
81.51844109878584
80.5072443489571
81.02585119660944
79.97915584684051
79.25577579413584
78.30318494161656
78.2927569311687
76.40134638355084
75.31008162828948
74.38355780513302
73.4017946136064
70.27195828926051
71.69205432802119
70.17825050569081
69.3179403861077
68.37958004879874
67.47614280720882
66.31458730494887
65.32718915594523
64.88870416673308
63.87708716440102
62.0829046182389
61.697595382700456
60.57398694368021
59.374229944343824
57.87726606079377
57.80307478509894
55.831022402384406
55.22119777896296
54.1951228308244
53.431504495383706
53.16412212978412
50.78839181926287
50.4760085727321
49.62815899524139
49.19482496994351
47.44239156116237
46.26326414759842
44.64930339098282
44.04275914900791
42.72688348791098
42.4918854797761
41.23128081196046
40.09099114956189
38.91238826519111
37.77586392117655
37.5062020291989
36.47688442755316
35.05459319542979
34.56976774764189
33.29374974658276
32.194997706894355
31.426332803362698
31.220253073857748
29.532706827432776
28.655927210762457
28.217585011185292
26.2191678081017
25.286044204063728
25.191200447783558
22.771486330544576
22.34933359177012
20.487759727859157
18.787762887495774
20.283618788780586
18.14674032638868
12.424176144815647
16.232767636771314
15.4412985092099
14.109834069697172
13.76512189920686
12.214926108965301
11.106267732014203
7.531349467259133
9.070177900626732
