0.6961596824478514
1.2003863525457987
2.3323397600224856
3.0314651881325654
4.180022826456681
5.141122440079804
5.9547206782138185
7.157457678197155
8.218129366990295
8.988748648775685
10.223407609519235
11.24294966670506
12.078111629920098
13.096315121571624
14.264368220181137
15.306748429443886
16.272618084624344
17.34615203781887
18.039422673842363
19.17587782992951
20.219912496653045
21.238022887545632
22.228263524420775
23.135516473921
24.351087680371528
25.29607171240148
26.197661963906025
27.280433587641383
28.088216638191955
29.242679791135227
30.098019529147532
31.330712948056572
32.50226202853604
33.23399894977975
34.52289063826144
35.372175375333846
36.374362201117755
37.39649743050945
38.30788807785116
39.09083062927799
40.36856282176667
41.16025009282738
42.3133885890707
43.4844219928086
44.22813726656112
