5.098708778575787
0.5954646207509727
1.2878986732773947
2.1942781322920655
3.306926481410475
4.336274060628734
5.272127092939387
6.3344220962830535
7.333413420878472
8.340418327894772
9.330730845187551
10.36252228376217
11.28125213083688
12.329022037658673
13.436870857566126
14.42686352311587
15.272117379014102
16.465102716199386
17.524168444777946
18.343904131515334
19.579201042240218
20.539754098551057
21.386539579965778
22.55957050364922
23.50725004607513
24.33983587443218
25.495517510124415
26.540214695665526
27.699603431716902
28.43355077708374
29.520210604275196
30.620981019569903
31.407283460773236
32.51547718068768
33.73581279807195
34.33161507692751
35.37649491131431
36.611899843139035
37.27410791353897
38.548616744658
39.449313146061805
40.27515782372955
41.46160417975506
42.54702064717378
43.80918928577879
