1.3582022844320285
1.492925700327773
2.3122904859866162
3.2240671862817565
4.248841001318699
5.299895766865077
6.2007232675695505
7.424139296082834
8.121238816969583
9.231248820648327
10.198590888873182
11.397431326965007
12.365776887596276
13.183910540854866
14.231513118043834
15.40719616475625
16.430788870881514
17.462116264826005
18.216836498404522
19.11331498925824
20.40925986636464
21.232445363288313
22.524210109994787
23.114980153506533
24.135977647487103
25.375561274214874
26.563062778553114
27.379060649161893
28.096684614285834
29.278931831885156
30.490945132335238
31.552047281581487
32.600497321207456
33.29960464043996
34.102249991993986
35.88725534064449
36.703640704533115
37.53995792225256
38.17873757345104
39.2113996897059
40.67647151605935
41.32264917995915
42.3644813263661
43.34343926688719
44.1221406494647
