4.467043063024409
1.4037508452878833
2.5412173767922117
3.4457146538594317
4.496860560353201
5.659758624153245
6.539139634457085
7.462145028909699
8.5450761895563
9.633572451707725
10.49306211977651
11.568961746741401
12.62430482871216
13.523212341644584
14.648725259565774
15.63462664981131
16.556744762757646
17.515850998288453
18.740440399716924
19.46859223166355
20.632766077971663
21.673373980303463
22.717336227916867
23.684604944252715
24.696066654789643
25.738065484121595
26.792844435384364
27.64089034663374
28.683211684685105
29.6470697776145
30.63561313885983
31.738027611435662
32.79425725652774
33.58141235611889
34.690999822631746
35.622093182256
36.690575810007566
37.72528712545582
38.71449561440273
39.55167450089216
40.74270713792889
41.81528962693624
42.618824063249775
43.8109319980889
44.93065878180196
