3.8342643213821677
0.9624523127639085
2.14319089305211
3.0958270668020433
4.198053345622817
4.874867943389982
5.857000610723353
6.974049589899475
8.122555822407012
9.05762160496975
10.165194571471405
10.818650504898443
11.856259858508603
12.992507386935639
14.174842073093487
15.12057799960053
16.168872341883834
17.261433863339235
17.90497332281315
18.954298770199657
20.119683849235265
21.154930023926134
22.258488489120857
23.208707539628197
23.900085911502213
25.01241180792048
26.06060248246136
27.168364782863677
28.238338212633273
29.204348922399095
30.35864040823076
31.026028239321477
32.078807779618515
33.19435333504689
34.194425632645576
35.44332174306567
36.236957725980616
36.97738089221521
38.00116388068532
39.326017647871055
40.361332234656324
41.30633792344724
42.26419151112135
42.94028275265156
44.04629525659195
