4.337196621113543
1.0394920030052435
1.9865056584297345
2.8927609590368384
3.70078588482604
4.7431655138050655
5.989282664081797
6.690051250217078
7.826243546535391
9.074116479951057
9.88202656276814
10.97266664457263
12.067382715450234
12.936130360280337
13.886615029336243
15.050696890018784
15.819083046229604
16.879336186307242
18.17721907677883
19.099848765368037
20.17393905153881
20.988297028584324
22.24221391561946
23.118451402584775
23.820769176832755
25.294776686786562
25.89644562826044
27.39173190807017
28.08522500552771
28.98063159735102
30.16173920461782
31.16293217711158
32.33967151345861
33.08479685893006
33.93199492718386
35.27150689433394
36.153313325262296
37.035149441487505
38.21283965446185
39.00308450947105
40.21341844932734
41.32601543625093
41.930163920385766
43.3034809332959
44.441783434944455
