4.704097375325047
0.4989809672396551
1.614965010883957
2.6641543252301436
3.583185485319413
4.5201324919001875
5.455402820572035
6.5013243210385285
7.587107342976435
8.677676205852276
9.795290758354442
10.717169340408368
11.52991687430409
12.49573985438688
13.698797035167786
14.67207892399776
15.821943217248258
16.657011629454313
17.521425493990183
18.54171008186552
19.545641671305653
20.644226585550733
21.61973299357516
22.709687789622606
23.81794848617415
24.438981475273152
25.59743734369173
26.63456815798166
27.67085368598496
28.56684776834844
29.800742858228595
30.42026890505386
31.356296546156752
32.70733964227246
33.65511363660035
34.638888661252594
35.741717048460806
36.351918266628324
37.37622933234657
38.625957718826776
39.45337932889092
40.75681931643378
41.65816259617533
42.741544650495086
43.55525389708866
