4.5217290659498754
0.7409773058339579
1.7434623837849363
2.844369901732336
3.776488244380566
4.776075928496156
5.799880407195087
6.776073904690164
7.790201595561422
8.906305959605897
9.883660774827442
10.78865287068536
11.727532816662954
12.909969388701779
13.765680242892266
14.737496715333032
15.876240354704146
16.65104304714992
17.744863940450003
18.67647180829679
19.824218263385703
20.81530853124214
21.923391402300613
22.901118174794707
23.75980713598198
24.929323975765634
25.9296226014507
26.786962032229454
27.95249333608244
28.812130509951075
29.870414119091926
31.065931274665772
31.762953654184372
32.82849890309919
33.716088118398176
35.03634314800523
35.752498888930226
37.096705665242986
38.01064958007066
39.05284451371152
40.14284076407397
40.84692222383396
42.11783335696406
43.1500668396652
43.901812548521235
