4.605078611398197
1.1194591543076746
2.0668395638962993
3.14225590991571
4.144957598083664
5.1435866451863275
6.149875713124051
7.07899403733117
8.057148151569828
9.087464301122287
10.11576171385195
11.20992033872292
12.151762152055833
13.217460495684037
14.176169904767569
15.279879000500415
16.19368104006236
17.094339684321056
18.153012771825722
19.126881112632837
20.071614497133975
21.194456383915593
22.21888346051118
23.22551925039153
24.049487365261403
25.23157480674204
26.205301994442284
27.35848405726428
28.17539988447944
29.139118227681923
30.354673237812897
31.379148347376344
32.288792108020104
33.301457794656834
34.237115142500365
35.208318075564556
36.29900876116709
37.2217877943697
38.067400462225585
39.406991648748495
40.53008143905892
41.46730106863283
42.368322063222145
43.39667809435824
44.268553579868566
