3.292525296445762
2.775636697726694
3.5221823470789255
4.654935950764915
5.59874352850689
6.515937581844857
7.5899978866582964
8.57247252008233
9.546566867961026
10.630526457915078
11.599549589399286
12.613715782944706
13.66922924162391
14.618248207668564
15.525322249441613
16.560278753734462
17.572689117225103
18.566386746489954
19.632896729368497
20.586064715203012
21.64234801261903
22.54341059870635
23.494217125798322
24.614083330565723
25.386550548781678
26.730102772636684
27.586383368495337
28.40789947996186
29.513210464727237
30.480756586136575
31.357648015441793
32.53960454732731
33.56991561372221
34.6572772176408
35.347181494930055
36.49328913987056
37.54339097317853
38.491755125045444
39.3494296752073
40.58273436649177
41.47904062825698
42.356538878124525
43.38766619201525
44.59941121628838
45.32769327113537
