1.4483658408440387
1.3517636540267541
2.2037738259654978
3.074629487955002
4.085579018030532
5.316079626919
6.0691970007195
6.99066038162251
8.278264600060377
9.365350048675849
10.009504005467772
11.403659462354094
12.32615691019247
13.235543805610607
14.264984727359462
15.267484491659951
16.151973664802373
17.499075569900874
18.330452693966638
19.411065450807584
20.057898207939157
21.310863528104168
22.237322075508143
23.426210549466493
24.53394761270484
25.75101942996806
26.196531562359706
27.384774592278838
28.599054791434803
29.310396488192
30.46268518797417
31.51497660043306
32.446320346017316
33.33348198203627
34.32713586836163
35.32444146483982
36.42288790805064
37.250964405302526
38.36672678170487
39.28439691475278
40.46658761231857
41.51842183278921
42.43067770862705
43.62260923173159
44.470908583370324
