3.8407787932367783
1.8331599447344014
2.46767262933247
3.605876128360978
4.615094820311685
5.682693683905174
6.729339544881747
7.8159319348865814
8.90688787421621
9.499472564008215
10.56882012604454
11.687341231383382
12.724816259458494
13.873676857149343
14.856298134267073
15.50117824352987
16.622378205373817
17.672967724632873
18.68905728488378
19.78458457623786
20.862174193156022
21.938417939304255
22.683827785813442
23.716115525623486
24.678266302841863
25.893205852750828
26.872677868497327
27.843491011293583
28.613845398144225
29.703181999662423
30.635225567771016
31.829218668013812
32.87256722721961
33.938218886863616
35.149744636825744
35.737378046152095
36.767707701869746
37.80073600752799
38.875236136840414
39.876423248762094
41.140867230509606
41.77771437247926
42.669277052317724
43.96343662936314
45.052700427490166
