3.447012809370793
1.3914783089630687
2.4872357905129876
3.516828635839414
4.592813232714369
5.255666284915509
6.326171020943574
7.349756586569683
8.377763546309591
9.476179363069718
10.510849905249135
11.18096237308206
12.311181118212767
13.302734357801919
14.408347112037626
15.374988428530042
16.42900460455193
17.22431103795328
18.126803576026987
19.270909786398672
20.248248248432677
21.24180586348887
22.375473007433914
23.466289044329837
24.133286311826623
25.21481409599433
26.227748497090513
27.330330916947222
28.33310797203988
29.39121305942269
31.194872818615945
32.40727985031417
33.31182762962594
34.38320345331938
35.29234490615101
36.38554281122463
36.95362873360171
38.20681172944689
39.317456494771356
40.238065961287646
41.330414016173734
42.31272066481122
43.21859183917715
44.18763345254333
45.21799151406935
