2.6750240827164804
1.4918339997852108
2.433912585435538
3.4852938154785336
4.464981999953759
5.625977526246926
6.417038577097378
7.47600691897432
8.344578436965957
9.393827435727355
10.45968657139109
11.416105112155131
12.317985089532762
13.438341517995822
14.543630567441934
15.362445993743044
16.51912955236117
17.462670353916835
18.322023352261805
19.487085508581124
20.541290442419054
21.247620017916798
22.395706023596585
23.53222678937741
24.433923479840107
25.43588673391631
26.351836868358976
27.575989006162782
28.311788008832874
29.4572317793813
30.410982017039615
31.241369897634826
32.405659955032434
33.339824653776766
34.30963532236829
35.3835950832074
36.270106200607586
37.43071928422262
38.34197158643273
39.581670085886046
40.21042742836931
41.54198804988687
42.38835235666292
43.64992245811669
44.67282790269195
