4.70483094991701
0.8197933041659524
1.7309686460817708
2.5716611250958223
2.610050580124356
4.649838615012907
5.5841569778465265
6.574899429252647
7.631122293549877
8.572090931715852
9.5545851675158
10.649509830951468
11.524354583456411
12.438668994876075
13.448086690672982
14.716716424822149
15.475174989671808
16.632880380582147
17.6829432537994
18.539605685166933
19.627516593740726
20.526595633462453
21.4837424503368
22.59079449276753
23.740505795082615
24.392849493933575
25.464981523921868
26.546963460658798
27.563362410378605
28.531323141001376
29.533140645701636
30.402315927555616
31.540836760206194
32.564270192192275
33.56254155473892
34.416498458880405
35.369295584463096
36.392070690079144
37.29205459114914
38.60787960602869
39.70847091266469
40.4120811854188
41.548664705678995
42.541998390394724
43.64727173516318
