1.3548186047482433
1.0114218580404617
2.086421760134466
3.010806018810531
3.7962569653356093
4.849147769438642
5.987370938718617
6.987240139511946
8.006800655336828
9.084113754214599
9.780030092766815
10.785700059977044
11.822037529900706
12.855221977213017
13.946682211996245
15.051766181797118
16.018792703794784
16.78770475480051
17.88949732963312
18.811443287447794
19.972105424942082
21.01103508057638
22.160208135976355
22.786860970758188
23.82179648275971
24.775123926209258
25.872350418524874
27.00327175199441
28.07123734405627
29.09057122233009
29.73291814503453
30.902104403501262
31.863431986800972
32.901609005518615
33.99499909888031
35.059581590512714
35.72436193614583
36.715362165625336
38.03712734017649
38.918627113455514
40.101455324567304
40.96595336996648
42.144973624742775
42.773568428583125
43.82135695913162
