25.528474750647593
43.60371663712619
43.771560831855616
51.78148386281087
30.892513674464723
30.703701106956064
30.507928491841838
30.28537082842262
30.118049204377563
29.907125164309683
29.749491753319063
29.53397224815448
29.313909598958084
29.128960875298404
28.906043311659186
28.706138429308343
28.540268179182572
28.317771722116454
28.122393926713332
27.92057900271557
27.71233541011893
27.517287291489893
27.318196670138118
27.113762750961158
26.950634874377144
26.76215611161844
26.537309305794082
26.321723839272593
26.137656711002347
25.935575396805287
25.69807195878304
25.51566902112746
25.295298546301478
25.107546634197217
24.92839631838763
24.71024290621654
24.50985993442402
24.344867988518647
24.103741922088066
23.912253022836648
23.711994973278074
23.523325648455
23.30119948715527
23.128156804697525
22.90924843092066
