64.71864294263146
61.35544576115562
61.292459759007045
74.07292713563098
31.50013507530421
31.98461687358863
32.47991677252076
32.97526319417019
33.49388120556821
33.983116744083276
34.47796004466147
34.95074358445956
35.46661379586435
35.978920565491386
36.477753400733164
36.98468081415399
37.47254921026374
37.98381902397874
38.47052151806671
38.9637400042925
39.48352589924667
39.97392600021579
40.4704690084159
40.995917286679166
41.4782499775331
41.967615880169255
42.494408270795965
42.97008949109432
43.46273315728952
43.9890638875674
44.48288038314306
44.97351096836295
45.47740857025745
45.97678410382399
46.48100489660833
46.96496735231473
47.463679358459224
47.969667753750535
