50.76967090529104
48.58960409412596
47.54051064971942
49.276272822569474
37.74168567914457
38.00563054892561
38.32301259455825
38.62122862420177
38.89768856646556
39.23119918056159
39.50160896590561
39.82260964295846
40.130339026280275
40.41991037979844
40.71820240673863
41.02547860262231
41.33304737076297
41.6368535571574
41.946848317901164
42.228661051439246
42.52863460752082
42.852891536696795
43.15275910657062
43.4633665010211
43.74815459976384
44.055609744328834
44.34339314089376
44.6382761116373
44.94289489188606
45.24648141935286
45.57204098470701
45.82275614713073
46.14726600167731
46.42987309530057
46.7129311407901
47.02598265079696
47.342772665898266
47.61352120839683
47.95694016706467
48.20417396692656
48.5235147526393
48.841840216866196
49.12574354434203
49.45068624667666
49.78109482105103
50.06491084780458
50.343971211433605
