64.84847205164088
82.80157775162915
64.11245981487029
67.31385887618356
29.813292303193574
29.421266833517343
29.064134143385775
28.64630124874876
28.219093750838887
27.852447366276913
27.476039174682395
27.061573385153245
26.657751473969224
26.241880191164
25.837028451405928
25.433771852340612
25.065278718974778
24.62908225300559
24.23927129056566
23.82147887286598
23.432646644442052
23.043025152844876
22.662066331796606
22.218790918981554
21.85353125452727
21.394577177866292
21.04941919599984
20.597211191030926
20.215995957775153
19.81591589593948
19.42429251289699
19.047439574110307
18.65940252262073
18.23281098865819
17.833047771287408
17.445915177100733
17.051484284273922
16.634034373412703
16.242468966206037
15.812227773755609
15.40711557640162
15.033240833516649
14.62089836476805
14.209793442378897
13.797304110891401
13.42059292835678
13.024476310777573
12.643750867834239
12.24382346263706
11.827331779766473
11.437200388196544
11.026670417598275
10.667905922372075
10.24549649188918
9.852797373665709
9.45582119395662
9.059143739739103
8.650607282531855
8.280544583615495
7.8335429967303565
7.40042296056023
7.018567366747144
6.612573559121184
6.230982934113452
5.820450340529342
5.4387491263005465
5.031335423517115
4.636705030692365
4.261616946053673
3.830283388839315
3.4219146660315545
2.999260067559388
2.5886487539730965
2.2061322387615623
1.831637156482773
1.4304104418473182
1.0146544386176504
0.6391758918573595
