41.86294478806674
50.752588463412735
43.20927246918228
47.16877481274316
36.87654508778006
36.975677061674794
37.06737350056401
37.201145725590266
37.28614375377634
37.35559891500419
37.46548968213086
37.549599619223216
37.65107779118482
37.753887956279904
37.84274861308605
37.96618656487237
38.067973204908256
38.1810796741868
38.27236840724376
38.37244950259753
38.4599114523911
38.546747981807556
38.642421659153136
38.717064117435626
38.84323880790333
38.97660687163057
39.04802844515963
39.17484907414336
39.22816789834828
39.34625785957175
39.43172370164666
39.55449219850152
39.66635598930476
39.77483511617015
39.8406402726822
39.96009626834063
40.0891203209867
40.17056120315042
40.245867610768315
40.36228782256763
