0.36990665809675877
0.36519449081546984
0.369345914299209
0.3654933990765611
0.38198248625159337
4.044122080156887
8.852938972589648
13.76035314506546
18.538286743165315
23.20640076979799
27.93126156524775
32.518772705722434
36.98002687624571
41.43513960441395
45.85266113387257
50.26806056811222
54.726796126468706
59.24709397452952
63.68693136489454
68.19334165675244
72.90618932090655
77.45126734044038
82.2285899781013
87.0555662913925
92.07453106014398
97.20481258381302
102.35495801966805
107.66661738294425
113.09718216022308
118.53200904488601
124.05473100984285
129.71102863510174
135.4126714472733
141.10161518182872
146.84925894985616
152.53260055330142
158.08497149801937
163.75417096961144
169.13784191493434
174.48849821165518
0.05602453399805443
174.74420266785776
170.16473295120807
165.26314117720997
164.95731570715608
