88.80934082009144
87.50051367568679
87.98864167263802
87.60546486736749
85.84634466409322
90.76510551638559
95.33395387550098
100.06557073683925
105.19329865474018
110.2036985691798
115.44038771768578
120.6837892615929
125.32348478011514
130.3984380372526
135.5582466137049
140.2688180013721
145.26380465279993
150.21079382178357
155.1434827796981
160.0675095302508
165.2393569406942
169.86333517086766
174.8407023522025
0.016279773971740977
175.20966748139045
170.35520121423485
165.4444381868105
160.53894566808748
155.58053645348605
150.57203138250915
145.55220774241067
140.54029055818887
135.4806475119679
130.38403873709
125.37433175759315
120.25574950508042
115.16867783739292
110.06749388768307
104.91254266433465
99.80025483155765
94.67340180592367
89.52894970685485
84.41023783977975
79.26597887874658
74.24514165171216
69.17046820397542
64.1222824950153
59.10232072577866
54.08254003136331
49.11213958491127
44.368965934585894
39.36759589818402
34.06849561033271
29.44370728446688
24.49153022127876
19.56071825804575
14.620548229030602
9.455416241141616
4.818988240937353
0.16099109945330617
5.00083335778382
9.932128052563801
14.879947009844972
19.841173736953454
24.830284541229524
29.832691292371937
34.85309803599558
39.885539191391764
44.94065422326233
50.05188919597644
55.092180869632074
60.47440135187132
