20.828901553665208
20.860369086654572
20.908303182464863
20.920902581837442
20.411097017987657
15.9216473170915
10.420580855495462
5.005911830316005
0.3971878687899708
5.724904408049939
11.024972933497237
16.131510715405394
21.279151931890684
26.13446219029882
31.00980433573048
35.79100293462732
40.506676793840384
45.17784003400809
49.73786111403234
54.292860520261385
58.822926111695274
63.34093487985575
67.85547478492268
72.38813546535916
76.93691610588893
81.52024124797956
86.18059428210604
90.85982758677379
95.59420064581887
100.40406548277356
105.31335273832578
110.28601175775897
115.39368547073427
120.52964412504254
125.85822658941349
131.95110112993683
136.682969577662
142.15695601781863
147.66805625272386
153.21695993045162
158.76961445891942
164.72355922302424
169.81172190985455
175.25386278416906
179.30789471799898
173.9909585396982
168.7988441624203
163.70817615783668
158.95405195975323
153.76043271712877
148.42267659188826
143.61523139793505
139.19157429593363
134.58139398686643
129.96622247591355
125.38741887826072
120.79651254551594
116.35219091362738
111.81768207310913
107.25730621724664
102.6991980807144
98.09361803243107
93.41870610030226
88.61581077214227
83.93972733535271
79.07740652391062
74.14231817621514
69.11306234381618
63.997262169136505
58.751780859738815
53.42825196332959
48.067652182585356
42.677436390459384
37.13926304834192
30.62811655097426
25.341823699220804
19.752266803340657
14.441010425104079
9.54453786825985
3.7131144606487623
1.5519988521898114
6.9181088183457025
