54.831330969042355
54.73076087379026
54.82316285802003
54.90119656115783
54.432109888010224
49.138040810952866
43.424698584891054
37.64880273968742
31.714702337265038
25.835456632983522
19.871075459600657
13.97665335999657
8.075561983504977
2.3856776036553033
3.210588242887626
8.764259902161344
14.092486306930075
19.273625061749406
24.325856920900215
29.21660186541768
33.69533035354984
38.3799681084071
43.02702422345187
47.49763177193324
51.86433736895489
56.221202033411316
60.44289151236946
64.70562458723921
69.14142851192487
73.47570163049579
77.74763127799167
82.10191631734521
86.49661857339107
90.89153973729131
95.65689666896924
100.28945265411411
105.18925992241395
110.08767533922021
115.18601967393829
120.47918839569043
