178.94984422087165
176.81641190582752
173.3782465030914
169.85999227881518
166.42328821748256
162.85692432674475
159.33198421152417
155.85186934142615
152.25763155063942
148.78296067112595
145.2713796714274
141.85073424534593
138.4289243267738
134.98355512485162
131.68464011429907
128.36643706005046
125.13011436997795
121.95359872450598
118.71247673839623
115.62575135705666
112.62843496270578
109.64293132443682
106.70309702281247
103.77871796689944
100.96920753292018
98.14405669974828
95.39205365811644
92.64825517194993
89.97333469803726
87.35021638153212
84.71031034308666
82.08464646105955
79.52554322070962
76.91105887632588
74.15146927819269
71.757219967793
69.20709154755416
66.66927194385822
63.9372819316484
61.46818095700023
58.91611716871801
56.32297983073299
53.67173841612709
51.08084377374073
48.311502971998216
45.66330081887109
42.897146114891285
40.06874338997926
37.18685218027734
34.43215944308252
31.098564115997686
28.36184171396888
25.36723854901754
22.09555791117536
18.839100885944646
15.942198911314641
12.889363891723923
9.621183461723243
6.328556947642379
2.9217244958227875
0.44334828128319753
