1.799220659723435
1.801797901188722
1.8014804493037246
1.7997192325883262
1.8116234468921473
6.714439537994308
11.614050562659308
16.444932035724854
21.43237178537197
25.99222144718283
30.71519122097386
35.37812101639475
39.987107959317
44.58109245937902
49.16431561972173
53.7509709824841
58.370915656328805
62.97170029617467
67.6271825162287
72.36594642165144
77.34624288701684
82.00051939492498
86.94773280162296
91.95327948678656
97.19010703474318
102.1273734273841
107.32484224928102
112.77996066198041
118.0038560369571
123.53284518932979
129.12053957648422
134.34710184070238
139.8502610576489
145.3076859279019
150.75154035843462
156.20129761925696
161.58463742586835
167.23094127147286
172.18588603422438
177.60195922455517
177.48034110653447
172.53675205245023
167.3313281208095
162.5005266055552
162.50445442492722
