145.7079368658084
145.79788680200204
145.576594780006
145.67964306695148
146.3248352826853
154.79480007807024
160.22487670639393
164.68610003584234
170.39131892406937
175.60306593073406
178.94516890998761
173.53303653180302
168.57778163589887
163.54475544047787
159.65356950057586
155.77263229624145
150.99634857240582
145.083383809663
140.71842717721145
135.4048444407612
130.91133410191995
125.86630289970527
121.42313599980544
116.80899259184675
112.27468731748797
107.62339930492251
102.71155697011201
97.82029197967786
92.96800594410365
88.33662231895252
83.50781908321267
78.57915142872585
73.82694133438247
68.73985022238942
63.83853155929014
58.91480309517243
53.78463739685324
48.79156126756423
43.718755285628795
38.476580491016634
33.89334295645215
28.746957422746664
23.78006027504767
18.70491458747875
7.853292463244882
2.710313388101632
2.4049870029812754
7.545850275230518
12.738650807003864
17.799785353656844
22.972340249645928
28.076537847266007
33.010360975280951
38.080385797552175
43.100205628617715
48.054860661091816
52.96751894395566
57.90805393199502
62.79249064821605
67.67348285315063
72.54210824342368
77.42360185402707
82.25978163744429
87.21029952343174
91.99100944236993
96.89909752438098
101.8219858578582
106.76854565730946
111.88983228301359
116.62920025710682
121.59660823051942
126.66988645100389
131.68334513569204
136.72678184507004
141.78845850491635
146.90153081822888
151.98340065239015
157.1702881876808
162.30296040322338
167.43377997261132
172.5469283681306
177.78679484338838
177.06213960624137
177.18647847277288
172.5646547248625
172.5019455892919
172.47068731464373
172.46038027638238
172.512189538025
172.49396211401424
172.48276121747256
172.50316053768063
