28.58801557334722
28.586571900223394
28.583450343871096
28.576962577294392
28.538237388253776
28.540488845471906
28.53604356095749
28.53824192634511
28.539158092473212
28.538316534128892
28.53555727023419
28.53815978725879
28.538778406576103
28.5369570093583
28.536606210609374
28.534892463751728
28.5382459585873
28.540646482321918
28.536118735994524
28.537665135855004
28.541629074295486
28.5440761643461
28.539602051727293
28.541746599431864
28.545738716899987
28.54411596112874
28.542356145693624
28.543507620182258
28.542590771343637
28.54156090706829
