83.40722833193666
83.40831703680502
83.40964009744108
83.41230541624986
83.45119761163731
83.4550034919072
83.45015311837957
83.4548715551687
83.45651130886722
83.4607839556562
83.45856056501427
83.45766460125718
83.45417455881922
83.45516566483899
83.46519960117982
83.46224322775817
83.46617668178081
83.46110399997804
83.46222941524134
83.46203757841518
83.46073611063021
83.46294125661049
83.46572527739305
83.45387163213887
83.45915565103529
83.45590069431168
83.46709043551478
83.46276733244568
83.45548602551246
83.46372305193199
