4.871855400544485
4.874635588283507
4.879495692080966
4.87600074462886
4.792295775789221
4.795249363184701
4.7968612274039675
4.79308734812059
4.796723412680476
4.78954175902994
4.793140143860107
4.792102980792086
4.791148943520482
4.792140069752231
4.793922784807777
4.795178908270184
4.795137347221251
4.795578903139648
4.796309989424627
4.791301483590653
4.792932692383555
4.790147306580993
4.792310959621822
4.788981400239778
4.791791010226848
4.796025257876521
4.790895602860495
4.791406137183412
4.79039502751025
4.78959677306281
4.795453290222993
4.796354501953224
4.796844345875419
4.801903978064012
4.796104606554851
4.800213397165007
4.802204989305611
4.800568046604658
4.7966437920591645
4.801095576375747
4.800110012366701
4.7996234773154764
4.7991170469530475
4.799435483522896
4.795615303430354
4.794571022913736
4.794169780288197
4.795028542440906
4.79105643609291
4.794725022774693
4.791273594201365
4.792797989373273
4.796616500166953
4.7963156341839435
4.795034926821542
4.801343491449226
4.7976130656145735
4.800982442359442
4.7986895412731485
4.795619093736825
4.799856414699583
4.800551356570294
4.793283889678737
4.796864692893648
4.796897790301223
4.794854318047755
4.795854319331468
4.801619563545364
4.799605384370838
4.799117114591805
4.804769475812354
4.806243844256623
4.801202191549085
4.800601719905287
4.804679501831166
4.800239358900452
4.801655709012002
4.802713705444496
4.801373861254676
4.802441705287494
4.807230076450657
4.805279858294604
4.804368578636737
4.808119349412428
4.810583166775105
4.809189113535994
4.813054199714193
4.811409620778637
4.808578392240498
4.80771613016244
4.802204218569827
4.806666189816869
4.801975199528268
4.799947845046036
4.801226628580274
4.802540059046233
4.8058772382726875
4.828538781562066
4.730271087360718
4.725500261702085
