80.48303066607501
72.58968345887955
73.38505118808656
67.14444812393184
169.96838558877593
10.802726162939331
9.801732011459789
8.79998505404264
172.19293280905788
173.1701815240145
174.17775672620164
175.1754021525583
176.15023133747331
177.15512310201694
178.179081007708
179.17071618309808
0.20516090192956912
1.1905105553331017
2.1787850542336438
3.188922570492203
4.198286932637034
5.186715116174346
6.1918030029654
7.200156566445972
8.20818820049882
9.192868419684105
10.189294028222465
11.201738247992237
12.197389407390803
13.199813175406229
14.192733751146427
15.186555019829719
16.186250777044226
17.18946573670161
18.185881704169503
19.193760803987953
20.184788054053705
21.193602980258518
22.193887130419167
23.200694751521613
24.193227934664144
25.19242444732166
26.190677993982774
27.191034490548585
28.198183069346427
29.19144911180828
30.18594441096149
31.192449749161828
32.18999560039634
33.18594390290496
34.192605682436735
35.19189841146996
36.18652090917277
37.18625454235951
38.17637760578662
39.18675916319655
40.18330908534724
41.177622508667596
42.177518106590064
43.1869744582935
44.189438989268474
45.177887240417036
46.1772835172628
47.1862996478223
48.18456385264884
49.18572117838464
50.18211906847239
51.1695108371497
52.16946412161336
53.17028569564569
54.17052919541586
55.1778513991229
56.162583914298494
57.17861337066185
58.178687882428505
59.17613380773466
60.17217650608794
61.16777382063749
62.17199772589794
