70.74780660819997
71.74161666852154
72.74554768112871
73.7510022517732
17.376063521672307
16.366282663742673
15.378141942492338
14.351484112259255
13.347292723551147
12.368349180323825
11.374448593591282
10.357249763376231
9.364392029922168
8.37042522790084
7.347367739449826
6.370243823115267
5.373586994195351
4.3726933574250495
3.3538670569860805
2.3497304830480856
1.366019797046342
0.3417643787227622
179.25834848629393
178.3877960729323
177.36118249318847
176.42680288500682
175.3317103481386
174.39230802640492
173.36781748761084
172.38060052509812
171.3373971347075
170.33635196894366
169.37673787193472
168.38614154814798
12.647236119074561
13.62239373854027
14.624485844930794
15.64054878981171
16.653763847779462
17.636317221684166
18.638396670974814
19.636278876666367
20.629205209746022
21.6277062125818
22.632599893131797
23.655129238619356
24.635854468553863
25.64183447057418
26.658192034872393
27.65279640268172
30.167510575435127
29.660636201223117
30.63990629830822
31.63376295150053
32.63731141132288
33.644534160820065
34.64456612635417
35.63872511186115
36.63955488157394
37.63286288139252
38.6355112571442
39.641524589050604
40.630574446273194
41.63028335834856
42.633202550736335
43.63356800563913
44.639074558382035
45.64908835614043
46.64248236634001
47.63062055370869
48.636860352440934
49.62545124845648
50.64435240909111
51.63962651458866
52.6340083775216
53.654002907159885
54.64996647365062
55.632544812630066
56.66420069471088
