7.687180348710927
5.176847907306604
5.691420401166236
4.711087447165826
95.8203153779538
94.79401068778273
93.80929129946458
92.81609918451443
91.81764556082408
90.81999606280071
89.82542371014941
88.80291323019735
87.8198093323325
86.8194196085027
85.81093650264903
84.79842591828688
83.80629273580435
82.80794110403339
81.82452894855687
80.79731679459778
79.79757607966866
78.81868337730123
77.80730033275556
76.80929031078561
75.80123660799241
73.27285822191703
73.81817006323135
72.81239466712816
71.81776110807569
70.79662305690233
69.80644095915646
68.79133953799301
67.78802248421403
66.7938504208837
65.80283801044686
64.81202726317403
63.8179784716238
62.80475921030794
61.80028347028409
60.80444934280192
59.806447908459596
58.79093229162831
57.78408573734735
56.79708215305791
55.796250004397294
54.78121597746766
53.78049582645212
52.80199094769302
51.80997434721405
50.797121583812
49.78410241975457
48.80014884893069
47.79978912672188
46.7954999040861
45.786101540754814
44.798250212517594
43.773967759294166
42.78133343498355
41.80335048658991
40.79676807961729
39.78553314245041
38.7977288769937
37.78285018360252
36.7924295107482
35.793042023522844
34.78728069919859
33.79849631073261
32.79426756902268
31.782103963171174
30.788830758985114
29.770564748695723
28.793377013566417
27.786129617481066
26.780370445509504
25.77846715009391
24.781809392652985
23.79153586453586
22.78307419783164
21.781407685764428
