57.64795389158334
58.66390435033859
59.64555514612403
60.66685863809841
30.422748090731382
29.434024995550818
28.415978802001263
27.41824582851671
26.450463894037892
25.43422812472569
24.417094976990136
23.43912851322056
22.446639911594584
21.427978112864253
20.420105980407246
19.42127500324487
18.447570822350034
17.415924620674296
16.4453823666389
15.43887071551082
14.431067110164753
13.42950747494973
12.427667978668156
11.439261021736376
10.425596635096499
9.43833109532992
8.437409433286474
7.432150748514756
6.411423357053694
5.418021133550404
4.4091419135628644
3.4372632346804575
2.423471247317409
1.4131949056276403
0.4200294017708433
168.24845351815057
170.98534336264692
175.05128258438344
174.967394399649
174.15425762549083
173.79744142994247
172.95029716159186
172.11548530395473
171.24953024913276
170.2746384725077
169.28351221038034
168.25789347414468
165.7815128909719
166.34610995230776
165.35769605512522
164.35877891028372
163.4257903009526
162.40277551727874
161.40425889187748
160.3932713356689
20.602674618018074
21.56727466655239
22.606834760843473
23.58689154953466
24.582731762091957
25.579695303922144
26.582449483815335
27.59908597715125
28.58028679603624
29.57581974271603
30.57730261051817
31.589968772070936
32.58546544060613
33.59221347229574
34.5891026971309
35.597519312097596
36.596569898519235
37.58371665172104
38.60943880420656
39.58960153277696
40.59670411167832
41.58637014918929
42.58935271269298
43.586258841196134
