20.795222643681477
19.792137715315537
18.78442239429489
17.77664346748121
108.9057977775187
107.87007204730098
106.87594399820651
105.89334291707532
104.90973423098193
103.9040202084724
102.89837092810615
101.89220599782895
100.89899556608523
99.89733656580783
98.89227759471011
97.86740843696933
96.89455055181337
95.86938495047721
94.88919955925523
93.88029028015309
92.90078780763267
91.88242631080574
90.90048994067192
89.88306843215804
88.88944657375656
87.86372886191029
86.88174191941788
85.8685693435796
84.89556268623679
83.88041476443706
82.87092861432969
81.87486817983046
80.88877039156584
79.87564664258966
78.90143907111694
77.87941052534207
76.88624181142623
75.87234887186177
74.88097930898249
73.8719641227649
72.88478146647658
71.85546900603646
70.85966323172792
68.40574173445887
68.88233624207155
67.87190946455155
66.89023920033809
65.87185253529309
64.87417984438191
63.88064769096454
62.87378823239595
61.8645646084053
60.86684432026558
59.87197297990392
58.86979069474666
57.861093244450636
56.883881343122745
55.8542841241891
54.86622511059855
53.85536852318803
52.87109109477576
51.86305403670695
50.87571019881996
49.86865170158813
48.87734295680449
47.85906564676607
46.88545105970736
45.85167753736615
44.86999296000312
43.86163091518912
42.87312147225977
41.85549643422212
40.850544543204606
39.856251564594224
38.85562464867126
37.85071474098738
36.8515515495524
35.870023786412006
34.874416490997056
