31.535180020412085
32.52675465681495
33.53660898267353
34.53344098291842
56.56589084204905
55.54362411841682
54.56752440941241
53.57824348613238
52.54854261470751
51.55237482682345
50.56482878780885
49.5557796730358
48.56124385958026
47.568313789059914
46.56293978429304
45.556076374558
44.53113547631141
43.54164318796669
42.55688461303882
41.55700392597691
40.539436108200846
39.537342275705456
38.55732469423378
37.53173257988519
36.563184495032026
35.5558965993706
34.56007405006849
33.5355551573951
32.53300205825181
31.54208948280598
30.553338592588073
29.544945922401894
28.54067412685862
27.52156931211888
26.52617050564695
25.547191043732933
24.551887156931198
23.547687434219423
22.556476646107694
21.524016931253033
20.531855182628725
19.547229956822733
18.526431950374466
17.53306339227468
16.55167052399025
15.549771741055912
14.517079331852713
13.537442287857715
12.536238871245903
11.51414863427779
10.555587438706329
9.538231016919884
8.516946087462241
7.544105068951499
6.549319488306199
5.5502684743657955
4.543800380680737
3.5416644045914003
2.543037706408745
1.5537412584960717
0.5364046673931768
179.52613896155236
178.57893432048175
177.54014260595036
176.55242733270327
173.99307848320507
174.48894371119886
173.55642137318952
172.5900071948658
171.5661446607395
170.5539221063138
169.59561024615547
168.582812898701
167.525648693907
166.56801252909148
165.51374531561464
164.56566438038624
163.51865944442747
162.57820108511297
