31.539021413765635
32.53023330929746
33.53961121285029
34.536144114141955
56.568222443763396
55.54631951787843
54.57072201586749
53.58144776353031
52.5507435609499
51.554341965275285
50.56781098438521
49.55886101367116
48.564235937221504
47.571374833435655
46.565211132542636
45.558507434685524
44.53383029475441
43.54472495493822
42.56017579294366
41.559251442243365
40.54232092133525
39.540212513438725
38.55999134287965
37.53409192813943
36.56606735839032
35.55914719493786
34.56260207221483
33.53718843437599
32.53545154474435
31.545091572885504
30.555400865781962
29.547078868958288
28.543238368389524
27.523937489265098
26.52839946179225
25.54974636735321
24.55366324911165
23.54936218203737
22.559146388054558
21.525506910848694
20.534894897746476
19.54893127848723
18.529355391722962
17.534132776273417
16.553902216860845
15.550857293039783
14.520225786710935
13.538809336085093
12.537916998145583
11.514999233762031
10.557006931435225
9.541214165542407
8.52108777617137
7.545479348836412
6.548886365493702
5.552276062609234
4.54558899109625
3.5453166200548165
2.5437549009275546
1.5550725209109453
0.53901356811804
174.9801073474963
177.52335449673922
177.0666961187946
176.21964837046335
173.83100335511523
174.24835847949086
173.3209309041117
172.41512753824227
171.39777708254405
170.41024109199122
169.51349742523715
168.53306767431593
167.46931288635864
166.49690208070385
165.44142933822334
164.50641036335256
163.47883700183326
162.5421881408669
