174.62325647481356
173.59184086533463
172.5689079348299
171.5796711079588
82.71164208759365
81.72378955965183
80.70825422405991
79.71152577526054
78.7199608518069
77.71139230588992
76.74036074866017
75.72320968241576
74.71282365787977
73.72615186002845
72.74192169782573
70.19695611823249
70.70824749391728
69.7242593387667
68.71808430148015
67.73034560934856
66.7213970105203
65.7096449651958
64.71570770038474
63.70956520781256
62.731778002528934
61.727357767126975
60.699596995673566
59.7200227416626
58.706826061730084
57.700847717745894
56.72720624158351
55.72039168893029
54.71765459207985
53.71576512449497
52.70098290228898
51.72021640168355
50.70228210379124
49.70538748803151
48.701977692101195
47.698144906550375
46.704834475577535
45.697183496619346
44.69978302417417
43.7197407460308
42.69176059800194
41.7136555779212
40.714444377764465
39.7165289946336
38.71652205585822
37.717898925384546
36.72158394652624
35.71896463952607
34.704145124739085
33.719659424802785
32.7127404772646
31.705876030566216
30.70687017407249
29.69407409185044
28.717915389786285
27.722085011508316
26.69615371092538
25.702088454722087
24.712838127453924
23.707872110573394
22.7079334542154
21.70397726787198
20.68483753021361
19.693547951295987
18.710944611960556
17.70735203485701
15.169237944666827
15.71469130579028
14.68989474689507
13.710200831575008
12.685347083997247
11.69974285059558
10.693943895967077
9.701241439167314
8.701952321317613
