7.687003751255539
5.177125052056026
5.69192116936483
4.711160918172694
95.82466859370332
94.79749063766401
93.81300473645663
92.81910479529414
91.82190936764869
90.82252664684937
89.8289879466776
88.80532656371822
87.82360945372584
86.82250544614944
85.81334225595353
84.80128179212831
83.80988818057219
82.81005570952539
81.82761800528645
80.8008766748857
79.80079058952535
78.8211504378926
77.80866260777869
76.81339902479972
75.80288299564039
73.27652595559627
73.81958510107737
72.81425483504334
71.81974802420017
70.79864823236365
69.80757750979187
68.7926156728793
67.79075241065965
66.79556217357079
65.80097994391409
64.81238122391628
63.81606812094315
62.80391489080293
61.79923131607628
60.80300405269394
59.80495933017796
58.79010270006915
57.78252595389526
56.79563423184449
55.79482648109759
54.781092979814446
53.77940113638288
52.80082085926596
51.80822604430849
50.79667401766595
49.782188481208806
48.798908150442855
47.79840479566837
46.79433828791168
45.78513185685973
44.79733765338119
43.77247738059584
42.78030437749773
41.80259163600422
40.79556929114907
39.78459337672191
38.796370386171816
37.78232612278664
36.79093505565796
35.79177141633601
34.78634267486646
33.79738510941482
32.7928757639766
31.781514836053724
30.787588313651007
29.7696740941958
28.792832174855636
27.785437954848213
26.779473588268388
25.777782043550335
24.780369201112165
23.79036705976262
22.78103458217042
21.780595040879668
