20.79675028077786
19.793518260004188
18.78597512591119
17.777514193294166
108.90356509924393
107.86895019195966
106.87447655172782
105.89098607199533
104.90778806703719
103.90148642088197
102.89582612664844
101.89104970489238
100.89657541802325
99.89666145943775
98.88955573373904
97.86509862352956
96.89247851627606
95.86698826499699
94.8868105771942
93.87846803495648
92.89897291528304
91.88033705072111
90.89867745791625
89.8817929719394
88.88796336867844
87.86293220014898
86.88007808321021
85.86728911244799
84.89362355355134
83.87877381719679
82.86851084132711
81.87337652825695
80.88840403105276
79.87390031111187
78.90063277083625
77.87916040561281
76.88304123683463
75.87234776400254
74.87766314300848
73.87158915031956
72.88253674625501
71.85450363718992
70.85762016135901
68.40458243896512
68.88010166292744
67.87130248060339
66.88782569311836
65.86983803516138
64.87289227237301
63.87943481427966
62.87217282904974
61.86311461082819
60.865825714667736
59.87009972451279
58.868120924370075
57.86018408653323
56.88204961960657
55.852826977071466
54.86521125172013
53.853752698355144
52.8704863844635
51.861717676572205
50.874634145708725
49.86751710794821
48.87550744473251
47.85740424466188
46.8850645421645
45.85040288826751
44.86841955148456
43.86036193401077
42.87157176324095
41.854672511952316
40.849225801575486
39.85461444810658
38.85444529008246
37.849688303941015
36.850755423662676
35.868034257351816
34.873901095977814
