163.50534281400175
164.48873978590626
165.50885708004586
166.50364057510785
88.55107340607162
90.44687675219207
90.56065737410285
91.5326489477828
92.53002753834285
93.53878795768833
94.55929260912924
95.55717519668077
96.53883225869832
97.5434949054197
98.5329282815347
99.54324837061912
100.55024865881315
101.53501334602545
102.5323870576709
103.5358882270402
104.5430396724439
105.5215296230065
106.52683744911735
107.52892685689791
108.51657811328475
109.5301546623101
110.52938568564646
111.5069069724934
112.51671680611571
113.53371527900356
114.51734575594296
115.51854567480684
116.51760871931451
117.52359271417225
118.52187083818002
60.48180177176219
120.49678068021319
121.5112138659174
122.51263643823715
123.49660125754312
124.49250083229994
125.50452597170114
126.50507703256196
127.49402471167933
128.48876563292154
129.49910335133515
130.49955558089118
131.499070064516
132.49306784086016
133.485175169237
134.4973689933995
135.49126966902148
136.4987556313011
137.49997235789056
138.47443922509387
139.47845289765104
140.4913596224165
141.46985511912158
142.46764754043554
143.48608691522332
144.48311250469538
145.47038491162365
146.48473640526817
147.46690605249117
148.46243632933266
149.47397973926692
150.4675730232762
151.47034706264876
152.48145666255357
153.490514690771
154.4764780348683
155.45667034592785
156.4594331619091
157.47191841649402
158.48825690655838
159.48205898047613
160.48720434824543
161.47391736293648
162.4980209046965
