162.55655980664122
163.5987049502922
164.58949672975936
165.58510077449594
86.97588754555048
88.62345360988144
89.63322095767876
90.63054624686441
91.61501962526717
92.61851037845666
93.62776180316182
94.62651962407672
95.62360908203101
96.63872570871199
97.61035042109083
98.62466773816797
99.61975018735527
100.61802116958444
101.61039552497823
102.61118248798364
103.61207143071965
104.61222444240454
105.62407235816409
106.60251426192596
107.60677026722321
108.61001372790936
109.61178574995539
110.60742553883338
111.61420076153652
112.61172221318907
113.60702394204431
114.60850280451449
115.60188818855852
116.6077428616319
117.60888644403259
118.61708949097334
119.59324591189264
120.58848573174458
121.59359762013518
122.59970355531803
123.57967674284232
124.58345812829411
125.58745512945731
126.58976987750663
127.58514910831725
128.58817750076517
129.5889453628487
130.57806304783307
131.56205570074638
132.5883583627975
133.57593469834444
134.593037580076
135.56170643365158
136.57771676148005
137.56555194135512
138.5584522497613
139.57395896069343
140.5912189533855
141.57744511338552
142.58002114953564
143.59451135326879
144.55934791779018
145.5763573630964
146.5711075582542
147.5452959698429
148.56746909532734
149.55933190228654
150.5405900716338
151.57239645552698
152.5628640148964
153.5659907443924
154.5764059658914
155.5426022473388
156.5482609208493
157.56678105221482
158.56412480258166
159.56411928642495
160.5742463900023
161.55501813384058
