162.6560258765022
163.6435261741869
164.64117447517367
165.63512121105362
87.686375001253
88.69568008112793
89.69887724591494
90.69577684162279
91.6858621271728
92.67624193361992
93.67509260913499
94.6797160437053
95.67919764806487
96.6800254151254
97.68024005135447
98.6833327756617
99.6737362344743
100.6825745194223
101.66881812961115
102.67864791558597
103.67189414410049
104.66764439602701
105.67730800720955
106.67187356820062
107.66894128936597
108.65579071200303
109.66855982216933
110.66634984597054
111.6624883767437
112.66254502789812
113.65229211607142
114.65177978738245
115.65685193786736
116.64004853282053
117.64969561599622
118.66151452390334
119.62643172397664
120.64750656161475
121.65771336050315
122.64124671864406
123.63955900375504
124.65375766321499
125.66481588976549
126.64862861495006
127.64403949876073
128.63410542319897
129.63125596299477
130.6387753995361
131.64985842965643
132.64459068915056
133.62533665555603
134.64125395592964
135.6452694249226
136.62550335534632
137.6219913204637
138.64685297259572
139.62807785789363
140.62786149939768
141.63824552457362
142.65317642677917
143.63867961271546
144.64752801062994
145.6437834625427
146.63158996430894
147.63308295378624
148.61883502254457
149.6173352784258
150.62445790656884
151.62304671369475
152.6278960890763
153.6280400253426
154.6119226695066
155.5796141196557
156.6188563160114
157.62756160937167
158.62704610669198
159.62704575798597
160.63228489872827
161.65078759476555
