162.63098693690762
163.58926753167574
164.60518533025416
165.64342915795547
87.65687321631937
88.65283919799481
89.67771071490222
90.65335976503158
91.6767366293446
92.66000640393321
93.6849677589375
92.85642457385391
95.64124224084082
96.65086243219658
97.65267334811334
98.65117972180735
99.64498521184684
100.66183633486143
101.64874627141928
102.6752417963562
103.65005548639306
104.6469981162018
105.6819650234362
104.71736356788844
107.60773312489314
108.63801868174482
109.64392815194323
110.65704872793063
111.63003964532143
112.64625198643668
113.63176294786781
114.64175230820724
115.65637760830674
116.63603591788464
117.63641133260352
116.66607167919494
119.58756299736818
120.62760998332291
121.6494402946507
122.64831763099578
121.06684459318211
124.61271868910411
125.62331454588173
126.6398469661696
127.64970126958107
128.62928712292
129.6111218557523
130.60601985618322
129.46240186583486
132.594519243384
133.64309691817863
134.60630492889004
135.63387965193053
136.63302319367875
137.62996622676593
138.61708793244978
139.63180786588165
140.59438524974982
141.61097530822383
142.59843144705349
143.58635979077394
144.5907143287832
145.62949771381548
146.5845942369139
147.62967164910944
148.5896985679674
149.63277493055358
150.63454924220682
151.58779946414862
150.37299765341277
153.60813656279757
154.58353575030708
155.62470508895817
156.58861456683633
157.58612862526508
158.5883287925957
159.5799236168819
160.58526901227924
161.6162189319221
