163.46740046825943
164.47986309582598
165.4719542158905
166.46968912167856
88.53728175414163
89.53239711464627
90.53346431255768
91.5223567122263
92.52845750213025
93.53539318154478
94.53452639222537
95.53085269919123
96.52968183042196
97.53302725786854
98.5285855759742
99.52277257709855
100.52729433180416
101.53057015311634
102.54875894155528
103.50642317001989
104.52227346921764
105.51561703927509
106.50677893897763
107.50843910681101
108.51945581107233
109.52395802039239
110.50433630019573
111.48908126431922
112.48622815956934
113.50123237558876
114.50592971767072
115.49691219664787
116.50993526575586
117.51879707794231
118.51627040858251
119.5175363290137
120.51459412698668
121.51708306539044
122.51209150903685
123.50792161133546
124.51266656753502
125.51398578715067
126.51058668454304
127.49541088296915
128.521664401481
129.5147004186666
130.510805992534
131.51127158448233
132.50886775639745
133.51357017031083
134.50309768199486
135.49839956354776
136.50025705200693
137.51754143308352
138.50856429995687
139.50247819774603
140.51491021497043
141.5089577734687
142.50812008631445
143.48721541788686
144.4881903676985
145.49538694283908
146.49022240293368
147.48357849350666
148.4915051266289
149.4906386579912
150.49809924329463
151.48718984669773
152.4985540903318
153.48999004333945
154.4836435292687
155.4828206787546
156.47854945061184
157.48720669268076
158.48348887871376
159.46672376812472
160.48312507057807
161.47784476779435
162.48939631545466
