72.7363603013656
73.74084751598603
74.74234239864874
75.73774168641508
1.0362377625450465
0.20510239034901623
0.9879669973652356
1.9769559616003376
2.9769745881809935
3.983280887776644
4.9696726334862715
5.982026147223808
6.978470919797724
7.972363586135123
8.970505743312302
9.979493043020646
10.980055988572675
11.9752560215764
12.967939899246995
13.973022501601253
14.970260524881985
15.9765294898333
16.967541383604928
17.978628265225723
18.989211805848484
19.968928891755944
20.97307000345813
21.98173157799024
22.976221889231475
23.981810143228003
24.973852321129186
25.97203388403669
26.975940906559728
27.979063449276946
28.976768320655722
29.96460968481281
30.956370893898264
31.965024429895866
32.97572829033441
33.96392710038037
34.96606474891756
35.968990190133184
36.97676706562346
37.96839878486761
38.96000171534231
39.96060805335838
40.96727539423658
41.96712462174202
42.95599233799863
43.96253796813938
44.96895725760741
45.9659724650826
46.96447399410291
47.965724476434175
48.949199407588615
49.95772432724305
50.95395484696722
51.957023966088784
52.960153819982274
53.96487453305529
54.97125244320565
55.95575366802812
56.95714465574634
57.952669120606714
58.95257516517307
59.956009448543
60.94819391309959
61.9572500042649
62.9569828336014
63.95185901850316
64.94898412199453
65.9446762892945
66.94663524721004
67.94684957571637
68.94512550223835
69.94273557460818
70.95213505528032
71.93852134891299
72.95754523941518
