15.92117068150195
14.914393917774987
13.91430139502005
47.04614888109018
87.89668417525482
86.89531197336196
85.89924172969457
84.89865614894387
83.9011260318771
82.9011758674464
81.90592617062931
80.90985183781282
79.90803692320749
78.9054693010898
77.9071849824733
76.90364516747415
75.90791467400751
74.90993279107661
73.91101182435997
72.91571861024227
71.92065286428306
70.91501895374816
69.9193217562492
68.91775412799885
67.92097229774502
66.92853401577659
65.9183235651752
64.91969454616911
63.92250750069537
62.920067025041476
61.92287611435242
60.929738985942635
59.92526096531225
58.92263102817784
57.930123898603235
56.92874778011666
55.92778278587304
54.933248387432016
53.928367992493094
52.9293277979341
51.93211275528597
50.92648263479006
49.92440684701466
48.9288736287563
47.92788729230452
46.92758762107145
45.928090914474645
44.92454981709283
43.92855348348291
42.92866679802545
41.936704843928695
40.929687926171084
39.931412542468046
38.92944613196031
37.92731422091351
36.93188289676747
35.927626361918456
34.922927350087775
33.92294866191454
32.927869898053956
31.922852844290446
30.928651991517388
29.91834405443486
28.92805737639534
27.924255656886096
26.92299404989421
25.92429101948985
24.921648557363543
23.91604424723161
22.922973724493616
21.922763771663014
20.91888916692826
19.92248184624674
18.919658660322234
17.91340977769411
16.914532353179442
15.912046524896976
14.908810641856197
13.91133791926415
