162.61727707898575
163.58940400906212
164.57788873234242
165.58498759377653
87.95957307871137
88.96916686684922
89.97050340839893
90.96469479054575
91.96446707342177
92.97924765970234
93.96585670628497
94.97533058952824
95.9719999326729
96.95624059147423
97.96464636692154
98.93698249410606
99.95552034859931
100.94904270792496
101.95423274928845
102.94800233363407
103.95324966423878
104.94329677512631
105.94792658962687
106.95378748730558
107.95196494062667
108.95452633084203
109.9587968156339
110.95366651439421
111.94534560380309
112.95161933754356
113.94052174575516
114.93058639825476
115.95637620181134
116.93283717951985
117.9468625806496
118.9324569325197
119.94274912039069
120.93699862991758
121.93331230483408
122.94283724967408
123.93920003775987
124.9425897848053
125.92368520022993
126.93311414335214
127.93405223776315
128.93363887719306
129.91662690664666
130.9347435154237
131.91728570591727
132.90157286403755
133.9092807260148
134.90130408242584
135.91083448505938
136.8954860081855
137.90718787961345
138.90342347435885
139.9040936218912
140.91123232436075
141.9082913308269
142.90662081055817
143.89590573416083
144.9020998804617
145.89165139609767
146.90550338349067
147.89865339827358
148.90542509747812
149.89173716546676
150.87703882631726
151.88554394857212
152.8723178809293
153.89100554514047
154.88070978385082
155.88175358484648
156.88025854036607
157.87861231382016
158.89563691607498
159.8803929470427
160.88035402886726
161.86631421441697
