162.59319692599442
163.5456837296883
164.5061884678116
165.60325556213806
87.60802058389433
88.62085891940993
89.60840497763118
90.62463580936107
91.61787316018305
91.22116372511523
93.57800668906813
94.62172953115314
95.60377442750672
96.62003266953009
97.61645186893887
98.62196350841666
99.59543829632013
100.59730681213682
101.6148228238274
102.60135533046127
103.61015667582112
104.6211972766207
105.61835490127808
106.59948883354532
107.62190766949061
108.60338445458314
108.02870534136677
110.50618387914912
111.6015719952532
112.60816825179948
113.60374273839705
114.58779116483251
115.60540889707033
116.58831241360097
117.58541689564746
118.61402677231457
119.60406277195523
120.58899537777774
121.5950351408998
122.58234792634235
123.60631831290658
124.57809203353085
125.57269469744539
126.56736090741907
127.57721701438828
128.5979040853966
129.5999654636518
130.58025516522946
131.57170596080186
131.58761598919548
133.5948468914152
134.58721236482614
135.6117036819378
136.5914906505985
137.58147973351637
138.5988315882537
139.58737351289943
140.59018408645375
141.60906777281565
142.58357483469848
143.5692636092762
144.56543599673248
145.5877013965724
146.58038904529627
147.55378436834152
148.5666926449988
149.59099477154533
150.55882677132942
151.55628422796258
152.57745021770273
153.57969589718277
154.59467413258193
155.58377622771235
156.5890983825403
155.9517703297172
158.50536731688612
159.56510944577775
160.56005340408348
161.59685404252284
