162.84218379968775
163.81831825760455
164.82808543731554
165.83881785609927
87.90696471819982
88.91014375613052
89.91279175387696
90.90928966989429
91.90166478674563
92.90121425724628
93.90422548904262
94.90434690731468
95.9039047728089
96.89450738835318
97.90211046749319
98.89182401123466
99.90919054297562
100.89603696413954
101.88955439266705
102.89671308513921
103.87784945010279
104.88996929112155
105.8926184004763
106.87521954836134
107.89325906860387
108.87261008466436
109.87422610547377
110.89020654600593
111.88126618698253
112.87561234695795
113.8819944195093
114.8695558057641
115.86932977161487
116.86548410627422
117.86680166672214
118.8646186612836
119.8420020856786
120.85614863153343
121.85941104883901
122.85618408972599
123.84792183980608
124.8462077450842
125.84566399959405
126.8585560833435
127.84284159050326
128.8320859731342
129.84023472870504
130.84448170733782
131.85015634180894
132.8263711116938
133.8425707171463
134.84998163585877
135.83764275014138
136.83657072109904
137.83063282753122
138.83760624458637
139.83645957195293
140.82876218427973
141.83446083964262
142.83088321744023
143.84391893845847
144.82685403931205
145.82850073170684
146.84237289565775
147.82027309196155
148.83363678462248
149.82798579309178
150.81934409426
151.8139580137819
152.82240162791982
153.829445345494
154.82987936885536
155.8099232709937
156.81201446691625
157.8292303075001
158.82012246069874
159.81255101468585
160.8261720317932
161.83176647558886
