163.44297144810287
164.45315990574124
165.46121177956036
166.46804989685177
88.52607272686467
89.52102223456218
90.53781349658836
91.51757269506734
92.52311682128033
93.5289980133394
94.51660523723558
95.52759521732098
96.52456424865574
97.51964547117281
98.52212271122839
99.52027228384026
100.5191974214848
101.52317916838768
102.50476468016862
103.51638842349954
104.52140317393999
105.51157132111015
106.52493895375198
107.51570057908886
108.52476769169297
109.51263355748621
110.51668299334081
111.50719888572088
112.51435895491264
113.52189479774829
114.50967776511494
115.50659531735135
116.51572942172372
117.51120451617267
118.50772046630563
119.50725327957514
120.50444529770697
121.50918088578648
122.51585116301963
123.49564170526244
124.51295440430437
125.5132418157396
126.51632138928404
127.49745788513832
128.50575187524953
129.49693485592576
130.4964457248352
131.49453586608314
132.48625019722974
133.48501213923007
134.50103158456332
135.49513182886528
136.4984228857203
137.48453777126312
138.4754452682415
139.4809349884211
140.4853694628923
141.47822299025842
142.48111578257527
143.47850439088316
144.4815107962831
145.47371881218965
146.46638738130034
147.47604180663203
148.46454964639355
149.46943721016262
150.4606105452654
151.45265263492735
152.46306010699024
153.44848013592667
154.46482569236576
155.46245140606257
156.43692341586234
157.44610682812737
158.45649096393478
159.46773246192433
160.4720392714646
161.4692415133225
162.451973619984
