163.44071626265773
164.44241714895327
165.45890953536747
166.45255222401872
88.53707030371928
89.52698301681285
90.53670899916199
91.53770631782993
92.53797966399127
93.54486949797723
94.53124802690637
95.52374422677785
96.53529407878824
97.53377394206328
98.53051735733304
99.52658573084086
100.52289333552778
101.52361661640113
102.51995767239464
103.5220142368762
104.52847080052004
105.5162230456716
106.51304485010026
107.51576310190323
108.51004386046753
109.5163170843421
110.5158393715901
111.51680551648461
112.5145182326168
113.51323307846931
114.5099412812861
115.50634741639203
116.50962451611922
117.50199193262657
118.49798566880679
119.49716259398986
120.49485875891638
121.49296351034805
122.48813701876693
123.47168432376837
124.48548734460866
125.47673266035851
126.4777159413816
127.47847943490348
128.4754284518781
129.47933080247992
130.489334896928
131.4882233438366
132.48046805324205
133.48814623774854
134.4834204588028
135.4746055275512
136.46062524638572
137.46656791335468
138.46040095182832
139.4706784431426
140.46842209763736
141.47451908158524
142.47036877834486
143.46294859029013
144.4690151885068
145.46641598407172
146.46776509019384
147.4642372108389
148.44833545353256
149.44994912661554
150.4665664160873
151.48050491036273
152.48760616489437
153.47930866059497
154.48968073899823
155.46965307572466
156.49995372935902
157.49515707980413
158.49194487850022
159.4973159303115
160.49430113726402
161.49131849554576
162.5108930361623
