163.20400392186704
164.21048516695754
165.219024002693
166.22499042711866
88.33928029856756
89.32895354749508
90.34946962710518
91.32483208669174
92.32365279195234
93.33117637180514
94.34029339620842
95.32987134247873
96.3243564160019
97.3247772409707
98.31883530398488
99.32111518787895
100.32311838903975
101.31578868557149
102.30327472102873
103.31249374776583
104.32515885658468
105.31487894148127
106.30432317664301
107.3037054001555
108.30726248440911
109.30703609317179
110.29836187815755
111.28405636845568
112.2898839246122
113.29021953041418
114.2852696920374
115.29339990568188
116.28609776434342
117.29875364232208
118.28898276348812
119.25973875085742
120.26385994294705
121.27544926976438
122.26849465612314
123.26164878285279
124.28148580873544
125.26917163481528
126.27944521735644
127.25909047368764
128.26341284116293
129.2578693188977
130.26284997469025
131.26190974704843
132.2539006506843
133.25374664692288
134.2463943373933
135.23894241891466
136.25795930138204
137.2517916936633
138.23859083075718
139.24042051048352
140.23787693518744
141.2449463388473
142.21905483480637
143.22823029276387
144.23184123714316
145.23639659230597
146.22763623566118
147.21919369655217
148.22354912860686
149.23115542748005
150.21833888018907
151.22871220658655
152.22651725150956
153.21792371661655
154.2274775155052
155.20787324529257
156.19746058024654
157.18749379851394
158.2073575040309
159.1747648661843
160.21026350636427
161.1971193526728
162.2383372209856
