87.4979313570364
77.92089536885261
76.80835057749309
74.02809920963138
87.76295410396747
88.78170771322026
89.79072171399652
90.79633882925299
91.79933317607053
92.79696237921975
93.76665904035889
94.78678971509612
95.79801019766678
96.77613805190411
97.78108774815216
98.76195772657374
99.77418683744304
100.76987385162481
101.78118876188836
102.7742832433169
103.77344046956529
104.76793719203673
105.79005090849894
106.78780023691357
107.76867077828491
108.76208747925534
109.75217581732886
110.76491135571162
111.7424653572357
112.74984552324169
113.73774970385591
114.74715851408612
115.73973762498898
116.74066982373037
117.77263574086463
118.74771333368503
119.73582586504135
120.74747623280354
121.72538162765834
122.74772444238413
123.74264693077087
124.74604770582232
125.77889235443646
126.75219508297513
127.74967410745708
128.75492857761407
129.7627069584555
130.76048607054048
131.7526729473062
132.74337889180458
133.75042575234227
134.73464103761327
135.74095798991755
136.73794888527533
137.75367004742154
138.73894751197744
139.7537546392335
140.7388142513031
141.7474518721321
142.76861396103666
143.7500223460177
144.59313426273033
34.29633652290553
33.2758245015345
32.29595765622597
31.291861751070233
149.7007699141029
29.299564510366984
151.7283336495427
152.67490193054027
26.30126934991696
154.60206066074923
155.59697378473592
156.69334546222012
22.305294432258176
21.291481836567396
20.330974964381046
160.6334511437712
18.312434869557055
