163.1772682679103
164.16388564124102
165.1832582611065
166.1609416050742
88.28659512662416
89.2890228756848
90.30166324706256
91.27353637165136
92.28316209751236
93.27977419829679
94.27686410604231
95.27438497257344
96.2699424421316
97.27537288698305
98.25463131692136
99.2547134209665
100.26755225105576
101.26667145640482
102.24976877756308
103.25198492676631
104.26632958785267
105.25517119397571
106.24354737723064
107.24655464534331
108.24174919003849
109.2514475149982
110.24159732333425
111.23234218567306
112.23276696962897
113.24336574994055
114.23850493854832
115.22493048146521
116.23295738826363
117.24411725060669
118.22876209090757
119.22196547982868
120.21666345479898
121.23732818406155
122.21887064554333
123.20106121277378
124.20789582185228
125.22326461109982
126.22634308452426
127.20578270327269
128.22207569521947
129.21173438774696
130.20398992202442
131.21349858537644
132.20039139585458
133.18879901418615
134.1966525314854
135.19105692647207
136.20243597416876
137.18172175320743
138.1798485507896
139.17229610735689
140.18485357665017
141.18166765386036
142.18227066932224
143.19195985390928
144.1923057825349
145.19101692166
146.19191527224035
147.1751705313566
148.15809477630864
149.18286883900532
150.1825230329933
151.18683196895756
27.790625841980823
153.1746609418259
154.16299749409916
155.16833570969845
156.15092178043096
157.15788614632606
158.16706536261532
159.1371710431777
160.1560826523039
161.16894571744
162.19708163110218
