163.1839841773118
164.17443878142157
165.21532416469586
166.20503487232227
88.31156737368993
89.31539926760375
90.32712615071027
91.30434392953052
92.30478600469442
93.3110736039678
94.31080395594603
95.3078293086571
96.29285712594329
97.27874038795441
98.29021060723777
99.28711712145758
100.28371795970962
101.2909749212296
102.26975592624208
103.27410985157853
104.29134327792629
105.28160723639216
106.27470566450297
107.2820406923623
108.27720828546582
109.27016417227314
110.27707245312712
111.26566016314871
112.26432494034715
113.26283758867201
114.26015307682415
115.27052978357622
116.26902812645208
117.27134612415098
118.2601896962781
119.24608868539883
120.2349416863364
121.26391529366538
122.24888150636764
123.23831639273713
124.24251644679902
125.2410541929331
126.253684628088
127.22994488766007
128.23744334786397
129.2374948777427
130.2330561653056
131.2367012668014
132.2305374790562
133.20870357240156
134.21739919884226
135.21380321051484
136.23225341705407
137.22504400623447
138.20276848177866
139.20757107739843
140.21834418362454
141.20641702004113
142.20906903278413
143.1971389576509
144.2138293407985
145.21525923167906
146.20546527359946
147.19875686722034
148.18561027058843
149.2005388866371
150.18536972601376
151.1781661737896
152.18151285020477
153.2036485311903
154.17943355852137
155.1694673399038
156.1689265621556
157.17622350991448
158.1820320631666
159.18416705035736
160.18511315255643
161.18625824113576
162.19754780019778
