13.142302892269587
12.142367567336683
11.149952258865673
10.143119864279178
88.7048434544129
87.70964266801012
86.72441575537438
85.7146445392976
84.70781571156775
83.70951443311128
82.70948871406016
81.71229100521037
80.70510823086792
79.72164953497604
78.71104161244682
77.7079564159789
76.70838331947155
75.70693715891672
74.70949617654917
73.71378303981474
72.71675236175751
71.72198635714692
70.71594623886824
69.71861206227098
68.71905241936724
67.7254722030032
66.71734915823349
65.71502693646066
64.72194683623545
63.72186364518761
62.70973993674688
61.71219666880685
60.725417519883145
59.705222877174556
58.71837393150214
57.71319474455714
56.71314415653303
55.71907659420105
54.72124263295522
53.725857275846955
52.72748044942108
51.71731572237736
50.71724215821152
49.71029868568005
48.71168529423156
47.72223693574033
46.718733329786005
45.718271836033765
44.71389876299042
43.71605297344182
42.71624552805372
41.71277225273742
40.728692171158364
39.72233121794973
38.72083735078859
37.72547444653911
36.71638356313769
35.71889891823095
34.72788252613163
33.72573273137226
32.72234752381191
31.711573683496702
30.713937725232427
29.72257371614496
28.72721334470333
27.723137997093133
26.720949575049495
25.721856794756707
24.721926570208804
23.723084246554855
22.731268707920215
21.72330663283753
20.737385672892255
19.735541224705575
18.7319686598789
17.744031835160516
16.74330293211348
15.730268012486507
14.737355782455479
