162.58600136412124
163.59479135728233
164.62405259155594
165.57537996060816
87.6557441725588
88.64147290684357
89.65244324559984
90.65045361145039
91.66597097567919
92.6360001517478
93.63963974653979
94.66887259944458
95.67095585669242
96.65003090984271
97.66351113072427
98.63518056850826
99.64097402609978
100.63003628954203
101.65061264390017
102.6580263710241
103.6282541877038
104.6327714598478
105.63011851191432
106.62959065556817
107.62793617698318
108.65555489996703
109.63232607771005
110.66474314035754
111.64193899400624
112.64964058756497
113.6259028211116
114.62528822739598
115.63975883185341
116.65636963886854
117.6257309886099
118.62963030712406
119.63001780343916
120.62684801901278
121.62694973948368
122.62723556910478
123.64770420273327
124.59374315351917
125.59011956625184
126.55880562429437
127.57493185840002
128.59017229702906
129.59556877086595
130.57336073090346
131.6048846803857
132.56227834796036
133.59525715496525
134.56552766606538
135.57434330945983
136.59140995444412
137.56485310813633
138.58867760462073
139.55994807201185
140.56092696857783
141.54588812234147
142.5466702657825
143.5544356136543
144.58726303270572
145.59082225423154
146.55452808337955
147.54634899787268
148.5829569712976
149.56526912184964
150.57030506123277
151.5814170310917
152.58197734954044
153.59374094053607
154.5744418952128
155.5808593278255
156.57781260391621
157.5957924890785
158.60042041413945
159.60289812788605
160.5840198272655
161.565051177078
