13.739685322853916
12.727411183009162
11.741468769057251
10.740319579019728
89.29881102137485
88.30117663609015
87.29660190888605
86.31250714924461
85.31634185148577
84.30600817450403
83.3089519445348
82.31243755280602
81.30314079078396
80.30611812614097
79.31033559813993
78.2964416054779
77.3121032733267
76.32094529666612
75.3156903638398
74.3033007509331
73.3134515945914
72.30330517541547
71.31658639237722
70.30737624542992
69.29656381578792
68.31554350003948
67.3100352105672
66.30059308581444
65.31386529961352
64.30692406487692
63.29536310696072
62.30745556607437
61.307976793413665
60.29627505073162
59.311241967430284
58.31256807992359
57.330344206384
56.32616399061306
55.29857984082284
54.30761231559861
53.313714020709035
52.3201137003762
51.29101910589778
50.31060971959812
49.31439689971956
48.33501531324389
47.32783943572456
46.31972484206812
45.3164625288725
44.31848181370623
43.313550476484366
42.30973340698378
41.31771423745366
40.32419646627061
39.343484132537334
38.32251840983914
37.334339395409586
36.32814683269975
35.31725751072929
34.319703658667216
33.31948177891658
32.3168294896909
31.320958066813564
30.332898355414212
29.329797849911976
28.33336900475334
27.33419262609366
26.332015745609603
25.323097410832474
24.324659709765488
23.3319821335521
22.332536952693147
21.339191835714814
20.33912570947974
19.320435919927274
18.32583857639331
17.327270942552033
16.333330749487395
15.319119113791091
