162.64063784962187
163.63681987009252
164.62271202533574
165.63714617371446
87.66864917619242
88.67451112361414
89.67844695033749
90.66903905751748
91.66009366563424
92.66982143684007
93.66016560894523
94.67368086150593
95.66962106995892
96.67734474659805
97.6743914268953
98.66854699043776
99.66295545855175
100.6579584625045
101.65215155099362
102.66559117637466
103.65606543601082
104.65642728763372
105.66260919298146
106.65345275079818
107.67183216713266
108.6555296887652
109.65741210638484
110.64786347640661
111.64559863520357
112.65212082240508
113.63981329809047
114.63481928245439
115.6452126346111
116.64751373825797
117.6469399658826
118.63430664868619
119.6170859736941
120.62189025541296
121.63271036230618
122.62840630481735
123.61983613135666
124.63007225873218
125.6336009698672
126.62864430789637
127.62768573788516
128.61272255680655
129.62166331708977
130.6379182196552
131.6144260093029
132.62663676902395
133.63915426516945
134.62321452309982
135.6235490269345
136.61398744025604
137.59514449562715
138.6087540268939
139.6139199350252
140.59337372571676
141.6151938162096
142.60128343431515
143.61461846389264
144.60371116882783
145.60660582714212
146.60717938288508
147.59396669742864
148.60780692053265
149.59698075958016
150.58926758595223
151.6016404804355
152.59557780985247
153.61321085202715
154.60763419264964
155.57421491770484
156.59111842278114
157.61243133533472
158.59612903821463
159.5937151953402
160.6018043578994
161.59544192864593
