35.26359418675662
39.93006049131558
116.98927938139477
32.55586507131447
86.48825127778466
87.49432781021527
88.50709809085514
89.49379441721265
90.4770276276324
91.48306389472502
92.47467536266672
93.48320929227913
94.47493545931243
95.47389532633423
96.47100472201147
97.46783154561203
98.47941053523647
99.46408165669695
100.46700394831478
101.45567338566624
102.45639294050049
103.4551108522158
104.44756169822105
105.4498410790563
106.46359555357816
107.43541824218964
108.44794965151284
109.44733996467518
110.42615835492876
111.43017390183678
112.42113103014935
113.43674769483023
114.43024858458146
115.43470890235228
116.433897527205
117.42935530507137
118.41499208101672
119.40903187948157
120.41607843534626
121.41574682960649
122.41314839591445
123.41724228697727
124.42006315235857
125.41676128976775
126.39096692305725
127.40318529059903
128.39307610978867
129.41496324541026
130.41175881886426
131.400463321437
132.39084638178204
133.38660979077946
134.39439781444537
135.39465632537048
136.3806553255907
137.38490993644737
138.37393936464545
139.38837198173803
140.37231406525714
141.38224784604
142.37851616337443
143.38817177012155
144.35926277098756
145.37002366967275
146.3755487335074
147.37071447990505
148.3726864347397
149.3612096358448
150.36854064049285
151.35043317544435
152.3438835438515
153.3503161186458
154.34338497024268
155.33107607015373
156.35392747313446
157.35502852328466
158.34629878498893
159.35411925146215
160.35470566287873
