82.49350247424972
78.93723025330537
76.99267759774804
76.81249053948461
87.76526239485314
88.78382160547547
89.78954870624368
90.78938028802999
91.80161291064582
92.79040057701054
93.76913162915727
94.78596004998498
95.78869892775258
96.77660120574059
97.77785792421103
98.76362529010501
99.77367209062571
100.7693068994105
101.77941979746043
102.77346425957376
103.76921708459561
104.76476173848154
105.7833580155991
106.79085475145385
107.76643750746477
108.76132222435355
109.75742248298722
110.76041044652817
111.74264310086066
112.74667627680773
113.7384740116186
114.74915457382262
115.74054721461472
116.73844649824382
117.77303289180797
118.74437016583836
119.73540429054708
120.74522944503376
121.72826775142231
122.7512237745198
123.74401632105584
124.74531351541829
125.77211528720869
126.7529336975293
127.74875005992527
128.75425774492953
129.76059404183786
130.7630839290822
131.7542775250639
132.74039877308596
133.75058225278102
134.73574252172455
135.7397623328608
136.73784913252885
137.7521615955856
138.73723983681464
139.74728773281973
140.73401777161166
141.75378698548494
142.76187809653655
143.74424807076417
144.60540613939318
34.29477431522548
33.27272030114066
32.29455358266313
31.292363705144226
149.7007699141029
29.299167161147597
151.7283336495427
152.67490193054027
26.298595419652745
154.60206066074923
155.59697378473592
156.69334546222012
22.305234172486443
21.292328290136304
20.327280453464258
160.6334511437712
18.310563116475272
