17.309258065481778
16.305902664103648
164.63520254985042
165.695553311517
87.72178869041618
88.74325773826425
89.73138925844492
90.73550854536671
91.72281212786532
92.71076485622402
93.72156149464034
94.72471455248255
95.72820203892549
96.7246160889033
97.73117885977031
98.73693343960178
99.72617240901492
100.7143777570727
101.70498559592976
102.71012092876549
103.7096608881024
104.7102402015471
105.71700406356746
106.71297414300611
107.71367021383259
108.69925363182143
109.69259373730478
110.70539432044878
111.70006059451329
112.69258917115533
113.70042208360901
114.69068640214331
115.70527807268441
116.69235330617069
117.71536729866989
118.69743457075616
119.67852083059479
120.68059589067616
121.6987880138133
122.69081306431325
123.67632225038857
124.68935216682988
125.69680379503788
126.68645868183206
127.6892190159805
128.67719070044788
129.68651174569922
130.69327576559527
131.68068969361596
132.67204306943842
133.68596001929222
134.69571263333103
135.68001704552174
136.6729529265695
137.67207517670002
138.67877343063068
139.68020425847334
140.67208874843357
141.6800463764733
142.6892212456603
143.70311240909166
144.67258894041004
145.69417695930434
146.68657026694186
147.6881174294716
148.67953025606943
149.65874184061042
150.6655047209507
151.677739445112
152.6638036009137
153.67833810481795
154.6718559865904
155.6236087285417
156.66801123980312
157.66393332732588
158.66330158264242
159.67008844702107
160.6797800157927
161.6922953263591
