161.30465377235777
162.29808652799878
163.2976221680885
3.254182512354025
85.55105981074581
84.56191559630629
83.55162366640332
82.54934324161279
81.57301046033818
80.57310286892498
79.56484556562688
78.57276082188858
77.5585058375936
76.55972962113572
75.5539632141127
74.54608625025436
73.5611033791747
72.56496325760413
71.56775898348243
70.56343917202163
69.56805915313791
68.5531024721121
67.56160612140931
66.56875423953163
65.56255166737665
64.56779248631632
63.56761635649475
62.57414839121081
61.57732159989852
60.57371868400311
59.576765478862356
58.576231733876966
57.576359138972336
56.565213117020676
55.57127956984257
54.56746055202106
53.56964824260945
52.55603234694303
51.55653970770342
50.570443451857464
49.57365843416471
48.572696071402774
47.55439801051184
46.55696103502676
45.57149413945858
44.569138827247144
43.57067194502364
42.55619197430553
41.553229273554045
40.564578623273086
39.55420813162878
38.55768010988579
37.558334852736344
36.55686366397505
35.55072518357599
34.558974361509655
33.54911984208918
32.54321378162465
31.553108288942784
30.544537858050223
29.53794934408404
28.55286631395272
27.538613999669447
26.553448713325164
25.56207991406561
24.542338063244365
23.537216948176148
22.545383574046806
21.541272983250664
20.523216754152553
19.531107924359596
18.53426717824353
17.5356276578631
16.527916858936152
15.528859961870273
14.527125064685503
13.521678875436109
12.525541164054571
11.516157596927696
