162.82306859943702
163.83295321772823
164.83214102253953
165.82274366429934
87.91310779413216
88.91525455922967
89.91456842909723
90.91974246553164
91.9077235718947
92.91317111997802
93.90628378490057
94.90981393967729
95.90542845310517
96.89689790049655
97.9111967163185
98.89565995296051
99.89814503713009
100.89585706846886
101.89989337348025
102.90023455737973
103.89685125800573
104.89252031843098
105.89978453171152
106.89950374399572
107.88497827290222
108.88412636721863
109.87619949808138
110.87726066620623
111.86918532723865
112.88680272575819
113.876625689947
114.87641491761475
115.87560776045669
116.87706197939397
117.87222910767463
118.87379947338518
119.86983499622858
120.86882812898666
121.85794430309281
122.86339735355841
123.85178914238456
124.86615399076283
125.86692161003629
126.8602120593104
127.85694367238334
128.84915223298808
129.85258054194574
130.84515144219176
131.84629261247017
132.84355891738795
133.84967211086885
134.8481837602058
135.84262197141283
136.83801599121014
137.85155367878698
138.83196771727492
139.83440630626328
140.83078286737185
141.83537931840553
142.8405769747001
143.83831786827113
144.83863574446482
145.83627044665226
146.84788699751834
147.8364942286173
148.83369660308085
149.83707090679474
150.8213053532901
151.8294380104543
152.82798071306266
153.8203124927463
154.8236898729089
155.82168096593924
156.81994526628287
157.82062881636156
158.8155146527594
159.8210730309338
160.82115190702794
161.82716308407015
