162.53644887947462
163.57380317557832
164.53537240410097
165.5271157604604
87.61359811767169
88.60568394491354
89.61631598557761
90.61229623630419
91.61018829327466
92.60153997737771
93.60579834973124
94.59581526686648
95.60890020615737
96.6110177200658
97.61197867347454
98.60320036369733
99.60045335793552
100.60677875210443
101.59035312449826
102.602259177336
103.5867938649803
104.59844107637267
105.59473931789651
106.60429165161435
107.60298615971752
108.5931147550919
109.57926655850311
110.59123763168951
111.59521344714335
112.59081988300349
113.5707896599941
114.58129814474607
115.58291980489201
116.57048247619356
117.56728926727804
118.58551349879359
119.57907823795702
120.58377982197806
121.60737617382311
122.56201726354982
123.55428126506334
124.55470073344543
125.55961655676619
126.57559524166045
127.55356477274579
128.57138161116754
129.55185184678635
130.57814831208725
131.56853009372563
132.5464724162579
133.57481658359623
134.53464211964712
135.54814512454945
136.5503190018199
137.5618442328769
138.58757177639643
139.55614815289476
140.54485695178218
141.55841680422458
142.54978369898384
143.54711381916678
144.55850610343384
145.51539620963317
146.53679202937528
147.54023694392413
148.5379769359483
149.5358352871053
150.55184685032359
151.55245171466268
152.53014958060922
153.52280634021017
154.54808724176436
155.55341080453246
156.54899648230094
157.5383394118061
158.54903825686085
159.55577097951732
160.5341078871552
161.55258689654661
