13.8133330334183
12.811443561068359
11.809200382637176
10.8116825041431
89.66205677806086
88.6539370736097
87.66142725719028
86.66473375355953
85.66316186033082
84.6702272667101
83.67445578465993
82.67476741137605
81.67608383750579
80.67312617589178
79.67258393190963
78.67307512864724
77.67197192448275
76.67761515577433
75.6786395168533
74.6820506576374
73.67477126310474
72.68424705489187
71.67821234265008
70.68774375269417
69.68489886805241
68.68858668853092
67.69267197032727
66.6927764936185
65.69305468693074
64.68719570832582
63.69148849004213
62.70202851670125
61.69860859911715
60.70079823207564
59.69477155992275
58.692813753694836
57.7060131147381
56.69911870401409
55.70768689879821
54.699845461682784
53.70377392715046
52.70114474309517
51.70494678206698
50.70340175497167
49.70547289630235
48.70890508145357
47.705709767596
46.70469449319824
45.70835932217455
44.70807005017462
43.70720114503598
42.70637335330757
41.706220823800315
40.703359009508794
39.712363667599114
38.71216555952845
37.71601370535575
36.71622646856493
35.71066269464299
34.71011226931607
33.71086994051667
32.71416654747931
31.71741459110198
30.718648770675188
29.711659420517716
28.71410024367118
27.711282572424718
26.713397859642566
25.71484203527957
24.712353776098645
23.714348718199197
22.71034909861928
21.712735280247824
20.715912416169207
19.7145697830951
18.711197357951683
17.708741276023765
16.71479576154452
15.70784737183425
