162.55723627585795
163.5953498832668
164.58737516667262
165.58482312163284
87.08304960164378
88.62410092189916
89.6333064239621
90.62984612348642
91.61388722753803
92.6191305370144
93.6270095578663
94.62598875290112
95.6227558271154
96.63893594242246
97.61000944388425
98.62464369238322
99.61822012528327
100.61744283678962
101.6102151645019
102.61215878586788
103.61253707531644
104.6118850812272
105.62325521088027
106.60268273658876
107.6064307975723
108.6097286639224
109.61202779870435
110.60569454233391
111.61364607715475
112.61133203156733
113.60726834895797
114.60860131712148
115.60152878886385
116.60869428680773
117.60898367580056
118.61789309678315
119.59331050237536
120.58836672693921
121.5931836273476
122.59863567618191
123.57960967491906
124.58204309896405
125.58791468822051
126.58950167243195
127.5850515176895
128.5882067006038
129.5892970987195
130.5781066884378
131.56260289718787
132.58869866320038
133.57605910500604
134.59379394872488
135.56230409982237
136.57742001252728
137.56528827113348
138.55923850335108
139.57473489650022
140.59095179105745
141.57754310448826
142.58137929918115
143.59416450164173
144.55835891263726
145.5765115850517
146.57218382089232
147.54627359160432
148.56785389637997
149.55897009175715
150.53979363039517
151.57280223702807
152.5623937023575
153.56619422552993
154.57758652284676
155.5418634600349
156.5477173739538
157.56461070046726
158.5620086842841
159.56596646254758
160.57146301831276
161.55500229000054
