38.343221279438524
51.00919979573224
51.52701375765109
50.91024685350133
87.68211214407575
88.69518805494107
89.68384323020533
90.68042657296903
91.68329507358803
92.6804672803664
93.68095909093572
94.69412863732224
95.68447236612137
96.70348747627268
95.21295754003788
98.65942221006144
99.67272159978224
100.70298926197167
98.27637273620807
102.67547513163933
103.66900459684435
104.6789692785863
105.68459638484488
106.685195742667
107.64722352841562
105.37490263045733
106.46656213141509
110.63103942807311
111.67884281536821
112.66323033259907
113.67654704080972
114.6480882895482
115.65525034790866
116.63668865110532
117.66961371294823
118.67733958591971
119.64957350477464
120.67235440283277
121.62958787043719
122.65923057106372
123.6370224660665
121.19723594739168
125.59667520173264
126.6323169562288
127.66072162125376
128.64657547190254
129.62318945410678
127.1069458628118
131.63489735620232
132.6205600914972
133.63614762345657
132.76631188807815
132.34748085555515
136.57795732332625
137.60709534791744
135.01343599559362
133.95837183669
140.48685692052436
141.64676005615303
142.63207222062164
143.64407378488656
144.61357678067543
145.5966596892109
146.60937991174785
147.6038678485228
148.61413716428544
149.59816771588424
150.6141709972232
151.6181350359208
152.57857049353197
153.56975482617946
154.64067611462494
155.65342740714252
156.6038920061441
157.64166391761276
158.59567840178093
159.62729335519984
160.63310415282592
161.63555932010513
