15.55133450987204
14.56579177034073
13.528191754218527
12.51503050914598
91.16323388166985
90.1333901236955
89.14038081324094
88.15486415140943
87.15985045403423
86.15220931273585
85.1501454949644
84.15518647492294
83.15308788328355
82.15079053988686
81.12564458890428
80.13012031500624
79.15501783723667
78.10033476834066
77.16326547549923
76.16615517679007
75.17219605721735
74.17141294100598
73.17141456815418
72.159411138759
71.1395345345168
70.15319077199331
69.17903788987972
68.14507415472538
67.14356189553521
66.1288491347663
65.1646499321107
64.16910274760087
63.14807309478687
62.139114240263616
61.10554753525543
60.16021739647089
59.16404650872018
58.15355977131064
57.16513322723615
56.16633060588693
55.17073255412176
54.13176736422734
53.13603390238908
52.10408438347463
51.11472250784705
50.133738876806234
49.16395968313393
48.15497632673401
47.16232314189509
46.167568305375426
45.163774566069854
44.160947281435476
43.101473353414704
42.16109599711268
41.1775768535947
40.19021266413582
39.18487852696623
38.16429037780133
37.13812279136961
36.12656773165746
35.07499802935298
34.108134994074135
33.120015490085045
32.12609110578905
31.15187018205722
30.132376104181265
29.110258640859985
28.11612049661206
27.112598162417395
26.122860178741185
25.107349016944806
24.104149123160305
23.11319876576518
22.088131055811754
21.138204481257596
20.14492569235704
19.144137517519702
18.135300373282494
17.14149201634853
