76.80920560883008
76.32517471302334
77.31732623010637
100.19809143048123
1.2124389447597628
2.2116258577186567
3.211390634478526
4.21114833682031
5.206714563353713
6.206809898672571
7.205192820484198
8.208691534004506
10.69487377417311
11.69922760305829
11.212013152071696
12.211550631132376
13.213277194662357
15.700357444520959
15.211112610526628
16.211460013167144
17.20783114359728
18.20949614100283
19.211670044584242
21.70008133027508
21.208506014065996
22.205187120895093
23.208058801544635
24.207640397930383
25.208227424814442
26.203674089020414
27.243094114142718
28.248027914442616
29.243628709524426
30.24252802123548
31.232990719383704
33.72365769702298
33.230775700072456
34.23259029273735
36.6990402271848
36.208716005917175
37.21402597247904
38.21240220217712
39.21758751497162
40.209908659545036
41.20898572606483
42.20579743589802
43.20591097319183
44.204765402209134
45.20602883157358
46.20676993064993
47.21464914167888
49.69463372123083
49.21135298212782
50.22005171591422
52.69613438900594
52.21066099883619
54.69539800331857
54.21164163712621
56.6869665843238
56.205248761490914
58.69883168299903
58.2116141049166
59.21307598074942
61.699097915970015
61.21092058536492
63.69503821820315
63.21260996233254
64.21222904683057
65.20999443476884
67.7021597159399
67.2120260495202
68.2125540485085
69.20928772237194
71.69870407722733
71.21698612745237
72.21586255631004
74.70118879513893
74.22044510830762
76.71115175928475
