163.46984752577467
164.4882338226232
165.49229384976584
166.48692522334213
88.55004159636866
89.5592134820103
90.568563135861
91.56320223065697
92.55338995793483
93.54924894275408
94.54873477320358
95.54270302677227
96.55360394320175
97.5489807215172
98.5503970989412
99.55169180905094
100.54948210214818
101.54613522061152
102.53157201558605
103.53630432595646
104.54084703915166
105.54337935795681
106.53278454902413
107.55094451062376
108.55722997628565
109.54571102870901
110.54232902908954
111.5406806878752
112.53165627096915
113.53813086422099
114.52401642632545
115.5323795000488
116.53198362218716
117.52480079518003
118.54025785076075
119.54332609355822
120.51772758554783
121.52931650738788
122.51645057222048
123.51651637960883
124.52315553277879
125.52222088595738
126.53363890530831
127.5122874313391
128.5170942619466
129.52519769822507
130.51554930478207
131.51838705704557
132.5032837490558
133.49691158056788
134.50886860097026
135.5163210147862
136.49750794576082
137.49042881229093
138.4862987862611
139.50132864614991
140.4773110823308
141.47493556988942
142.48667065450525
143.4649899234885
144.48223114565457
145.4620600542113
146.47099014506526
147.46540774835583
148.46981685524983
149.483107723476
150.47610544743162
151.44874572720263
152.47347428819975
153.46723483322887
154.475067910716
155.46325385787296
156.45760179714526
157.46611468838884
158.46494051725966
159.46493762558444
160.47481270819023
161.4757138825945
162.48410074887607
