15.551200187158658
14.565266223638838
13.527691481313736
12.515147909818594
91.17269607326756
90.14341106889376
89.1502746012533
88.16518174680054
87.17214493612394
86.16079443890904
85.15816315206544
84.16093008943638
83.16051449333797
82.15436041653255
81.12645018643398
80.13429279489615
79.1591809261866
78.1051096063622
77.16610998099053
76.17054139879511
75.1762668104891
74.17391645520856
73.17517269220994
72.1624266540381
71.14162731639153
70.15568694059594
69.18072846465118
68.14889178000014
67.1470095458029
66.13049092726851
65.16729239613966
64.17498391551312
63.15016352521573
62.140556271028146
61.10872828072919
60.1643432772624
59.165892306258954
58.15663597027343
57.16870202555198
56.1707064287673
55.175043360403556
54.13377127284574
53.138639337643376
52.10698397677115
51.11681726608465
50.13476879713615
49.16342505990761
48.15595815557261
47.16395786106343
46.16950233924508
45.165413735026576
44.163513851302326
43.10225295678363
42.162648769737395
41.17980032099916
40.19202151401801
39.18640485085285
38.16662680917425
37.140259397560186
36.129210141620874
35.076220646872756
34.10989512314111
33.12192586165022
32.127430515949875
31.153596824144195
30.134099747037457
29.111390803457304
28.11851563969766
27.11232483786831
26.122646577874153
25.109375909078963
24.10489803898141
23.114990776845314
22.08931278151714
21.139934895854537
20.146124652562676
19.144595929694937
18.136470471687456
17.14369202394323
