162.54018827358786
163.54821743457583
164.51901740545665
165.5319649349452
87.60036005168796
88.60842168043276
89.6004208696775
90.60111141096156
91.59176650387188
92.60989258279407
93.59202547935108
94.59615595071043
95.58435851578416
96.5907965623439
97.59187213467686
98.58074148782707
99.58418751504836
100.58422303167463
78.42138354972906
102.57604405296874
103.58159480411715
104.58217047975961
105.56514136275881
106.58874631914652
107.58045093980432
71.42435033546434
109.57586026711995
69.42824408112041
111.57945753393747
112.57228495001975
113.58432836520663
65.42856212464035
115.56134646777895
116.5618287527073
117.56840813559867
118.56245817521402
119.57036145100756
120.56148832879914
121.56246777660495
122.57640337537727
123.54877774574273
124.55821474077032
125.53954335656881
126.54910170038903
127.56372496995348
128.55260777963187
129.5416321160844
130.55522711712737
131.54969156588362
132.55427051445054
133.54706082396663
134.55969295606565
135.53032886508308
136.51605199455904
137.54920375519282
138.52832036036557
139.51822798772304
140.55299918716244
141.52190685361782
142.5097198942409
143.5382467842238
144.5171235794591
145.5291537893965
146.53252506355423
147.51532027371735
148.53993447180804
149.52237161342316
150.53254937098595
151.51364319387127
152.50979324686304
153.52800809296846
154.5188439684943
155.5160904875312
156.52711953347503
157.50777595715292
158.50309384826878
159.50554583375902
160.50410004353537
161.5461513420019
