10.147048659421468
16.086907077384435
148.19428374358347
10.452374418591234
86.48765108239965
87.49553493511097
88.5058624434519
89.49588513488567
90.47735906759308
91.48380121312098
92.47579329594427
93.47903401013967
94.47781636187146
95.47388285079268
96.47139124248393
97.467803086763
98.48213389339652
99.46332627718083
100.46793811733397
101.45457307975694
102.45622318423817
103.45499563697817
104.44537691212449
105.45005080125411
106.46300580276348
107.43530779498937
108.44904018347881
109.44676885939091
110.42731604501334
111.43143038699101
112.4216822637097
113.43719102049391
114.43012885817772
115.43407412173883
116.43554502087889
117.42971479397404
118.41547400051053
119.40852212392898
120.41506161233288
121.41808874089372
122.41315404385458
123.41710096257978
124.42098926201045
125.41867436271988
126.39050992480567
127.40398433451676
128.39558145894114
129.41730909805185
130.41362337597508
131.40124367009335
132.3916086046013
133.3866873283985
134.39294222774254
135.39505661029006
136.38281469978796
137.38465011000537
138.37439197283555
139.39025672520478
140.3721789516972
141.38133504126844
142.37800822398606
143.38881276199118
144.3594665011126
145.37235093566474
146.37567642815156
147.37129293027328
148.37333615732652
149.3624918015569
150.36708732357837
151.35117843324613
152.34544080061616
153.35030901751495
154.34501703880957
155.33149661682324
156.35193478248175
157.3555015299574
158.34397474897457
159.3521264048685
160.35843891722539
