163.1817727022069
164.179595179033
165.2061899576115
166.20364313561947
88.31053904925643
89.31346441120982
90.32845221866066
91.30504907959342
92.29987976908171
93.31608512142853
94.31277339872017
95.30749769428016
96.29036608241594
97.27821413995365
98.28667675893146
99.2864541177307
100.28764533875206
101.28936815727296
102.26772312162934
103.27337360329138
104.29391309092026
105.28249667970329
106.27684690940777
107.27991224254234
108.27775121703864
109.2701627915635
110.27527736032884
111.2663175939898
112.26295681917522
113.26289805431169
114.25842117686604
115.27102786590578
116.26874977002046
117.27090461944343
118.26128633212868
119.24437240601335
120.23695028946058
121.26447785339558
122.24537134479846
123.24012612214412
124.24672184168585
125.24110359703208
126.25135406190992
127.22795371937389
128.23593176514788
129.2378552208646
130.2341600044853
131.23407837607934
132.2326909123991
133.20961369067788
134.2182092993349
135.2126966680159
136.2332658420788
137.22280556706028
138.20137444696198
139.207923127172
140.21765247875226
141.21015329061825
142.20920873720596
143.20146108122537
144.2127369442836
145.21760503251502
146.2049925675501
147.19860018625707
148.18541232150005
149.19898075953236
150.18190665561357
151.17571317673188
152.18623631426024
153.2034147854542
154.17678113727075
155.16805182794175
156.16834174882928
157.17503341937652
158.18136662331239
159.18407486036875
160.18649572729996
161.17093242905028
162.17929340286562
