46.75528431296269
55.97464141331593
55.66759626259816
50.68462926502147
87.51714519816817
86.55406504193819
85.50903696200332
84.5185182169847
83.53254657512984
82.54830535091969
81.56126569407998
80.56400106889735
79.57686622800904
78.56933204193282
77.55783960844349
76.53603255344261
75.51625388625143
74.52380619980724
73.53237981379498
72.53308360071087
71.52368046103992
70.53017358225154
69.5480998747616
68.5299673469998
67.52891661883872
66.54376125208377
65.52319907358111
64.53996303269393
63.53138995790359
62.53442008099464
61.52816790267069
60.54496703177697
59.54550686902502
58.54506865574167
57.54459222948777
56.552292692896025
55.558594431452654
54.55126042172385
53.545788820236254
52.5399905231123
51.558093883096944
50.54300016889451
49.54143860759324
48.54768173873821
47.555529066197465
46.56346024108329
45.555597292223545
44.54600615301085
43.5501773414907
42.545526303419706
41.54215146965128
40.562782338916186
39.548430426066524
38.55506055032931
37.55505218619459
36.5475487115403
35.542165616912506
34.55278722794299
33.54420282197953
32.548917839235
31.539567677514675
30.55735044003774
29.54156718828433
28.555767142253398
27.549969731584174
26.548357789451565
25.543678708500916
24.54455397048016
23.548453445738613
22.53426310864375
21.55071914090295
20.54084703395416
19.56486203702505
18.553865415335146
17.550284429038697
16.543432583167828
15.54808365879962
14.550834449944297
13.540263684374947
