112.45457934734564
111.44076171565071
110.42607115751458
109.45620659343422
172.53045722117844
173.52720218461297
174.52147978245534
175.5138426731597
176.5061358781436
177.51435067897586
178.52447032996236
179.53881218449447
179.44639938443188
178.4470326102344
177.5174494072015
176.4896323323291
175.46240831456572
174.46008667874779
173.45172679973274
172.45978531701704
171.45520706960625
170.48477400535776
169.49155213372555
168.48186668819628
167.5102968416704
166.50338460342957
165.48806301823063
164.49590440221644
163.46846619628795
162.47375154618354
161.47943260653292
160.4772655901826
159.48610432237163
158.48275667496293
157.4880524370581
156.4933790756145
155.47714423787093
154.4821357125467
153.46121323200416
152.48951750184963
151.4813359282394
150.4734431963246
149.4801332987961
148.48521883763735
147.48466806791504
146.48504639012964
145.4828838906411
144.48655891072053
143.47311964278305
142.47773472724998
141.4669227410507
140.49231264207876
139.48945599748743
138.4806056436634
137.48316328188164
136.48544254159688
135.47570669255563
134.47098433674788
133.48351408518656
132.47519759669262
131.4715834521873
130.47982688426734
129.46443725192015
128.4844904517749
127.48157312055783
126.46143006169586
125.47871458931097
124.4711608986941
123.45723336899165
122.47825907946499
121.4660372247954
120.46955819945657
119.4753799269709
118.45904810813369
117.45776060727238
116.45348991496465
115.4596273901592
114.43635244065541
113.44350320987361
