112.45447041106195
111.4409880015846
110.42684698731556
109.45459094761196
172.5386376446257
173.52849909843775
174.52118125027835
175.51243917788324
176.5059197848471
177.5113003863425
178.51314009347666
175.17776268673038
179.41206848803168
178.46409754688676
177.50377355266636
176.48173008954154
175.46591823439041
174.46070380772983
173.46023171537624
172.46230363033808
171.45641810828374
170.48062720672547
169.4928416382405
168.48499164116902
167.5115895584393
166.49695867787634
165.4869005346229
164.49804955761454
163.46697158172745
162.47670766600348
161.47810946137452
160.47873670025226
159.48407659047075
158.48101085310338
157.48756668667983
156.4899940259461
155.4765247645538
154.48414793076034
153.4595708958948
152.48648884010018
151.48167802238146
150.4784497408478
149.47990593033003
148.4838876379566
147.4858282521203
146.4871169236684
145.48500146690884
144.4838973310739
143.47251950422756
142.47377947304406
141.4650575936682
140.49083763421
139.48768049063236
138.47928026582457
137.48336659251356
136.48425249439447
135.47518901911707
134.46878446635978
133.48152612966842
132.47403909631674
131.47247671448497
130.48056984400128
129.46313008714614
128.48431809345834
127.47967002251802
126.46121078229075
125.47789070182411
124.47115121882133
123.45817569083054
122.4744110910416
121.46671031894356
120.46725597951168
119.47510091544162
118.45865672589154
117.4556281140987
116.45152999555616
115.45916236544845
114.43787713145466
113.4437615396489
