66.88347595013036
37.57028524546835
57.30376937413655
29.003991777254367
172.57587538760586
173.58660123501235
174.5880039433956
175.56149722492518
176.5266326008353
177.54143792679747
178.53059267417797
165.8047727670048
0.5266643776916232
1.5343654630947932
2.507941459888309
176.48143683839015
175.49305914200247
174.50687934567998
173.4870473602405
172.49442150067233
171.5013517601844
170.47604462371336
169.4804641981775
168.4979076780583
167.49177384749262
166.48859699784757
165.50425555549364
164.52206432305448
163.49152047733122
162.46991183728392
161.48409320614928
160.5005203283519
159.4925748533837
158.4963037524093
157.50632160804176
156.5215645454133
155.51794268000387
154.5165836386462
153.49253706930202
152.49028686355516
151.4833747672813
150.48853060921581
149.50268347401126
148.51413464301132
147.5045643339972
146.51832632106905
145.5176016219677
144.5094145644679
143.5054822348643
142.50221598136855
141.48142489805954
140.47905472661353
139.4630009225588
138.4794340149315
137.49437565607627
136.48665346646345
135.48310147711794
134.46869356428002
133.46966630462964
132.47752972832689
131.47525073733053
130.49141435735763
129.48676263556746
128.48684825081364
127.50001481919922
126.47501728199789
125.48487363046895
124.51118650183827
123.48092671306415
122.48270034399407
121.4607237769294
120.47454282092784
119.47561354047001
118.4491235240354
117.45017858775277
116.45195637564031
115.45064010427934
114.46536091364733
113.44659511305626
