14.968296878254913
13.931724783946848
12.968252494761314
11.92523726462134
90.5353902109183
89.541939921174
88.54509929463997
87.53632982560619
86.53709301369359
85.54339552636227
84.54230314833895
83.53971136326822
82.57348172821105
81.56450344695435
80.50401760133786
79.51234577367332
78.52337974368234
77.53840491621263
76.54319724573728
75.52970589993411
74.53138911097489
73.52526487738716
72.50720126230907
71.50102944505159
70.57879148010805
69.57143623379889
68.50919845234213
67.48953026974664
66.50444024081307
65.49916913412747
64.56484875213167
63.527799390523256
62.547121245595555
61.52861248181111
60.54731951932953
59.5425383348764
58.553338355945456
57.5479350610506
56.56590267411726
55.576235472733984
54.574645038634614
53.57611241392381
52.544602568433085
51.52451087268013
50.533414484067
49.58027710491542
48.58281987894351
47.57676506418344
46.57207148253913
45.57144418617181
44.5757736868094
43.552977446834625
42.51576354660014
41.50536932200544
40.52250732247198
39.526237425336916
38.52377066319764
37.52236851370643
36.502685847890724
35.54663903237009
34.53296311826036
33.546774832301395
32.52436176121791
31.533447068472725
30.51396114738772
29.533285206949706
28.51753290895695
27.5269554860736
26.545092767205865
25.536110296796362
24.539392030609633
23.535560613386547
22.51520363950952
21.546977664550006
20.5475137039618
19.55512177696718
18.56181869760689
17.55081885781346
16.542260649941966
