162.50611402739273
163.49342588490669
164.51397875417874
165.5129550797822
87.58049078334366
88.58685708914568
89.58229416416766
90.57786256654585
91.58596874536099
92.56265472358302
93.59326553695423
94.5770111471606
95.56778198478125
96.5701839636672
97.56644427854808
98.57236281310522
99.56226739328147
100.5712127626369
101.55953664790484
102.5636667638659
103.56586130423204
104.54721736510396
105.58019212910058
106.55313376321703
107.59787592994117
108.55723398355012
109.54673200982398
110.582357370069
111.55067652850542
112.54306100005788
113.54579532530296
114.5704466890627
115.55142904034629
116.54492825687984
117.53533615462938
118.52949714698008
119.55011094629043
120.5447764968741
121.54155873839404
122.54056269736616
123.52882363296354
124.52403112377759
125.56494143029579
126.51200614372797
127.55265288763519
128.52699483928996
129.52784365881664
130.53231712030603
131.53339349580335
132.50928646106448
133.52623341965887
134.5591382630358
135.51840602511086
136.5199481037049
137.5299621336525
138.51306965108088
139.52373199466948
140.49830902059077
141.49405652182216
142.5290937093562
143.50085537867818
144.5146992876468
145.49850247403484
146.48673181078118
147.51775956217105
148.51413535480876
149.47810703061768
150.50167877370902
151.51387982027546
152.49835528858355
153.5049136369438
154.48366098011886
155.47767598229422
156.48223340843288
157.49878870836332
158.49491411019306
159.4981364177336
160.46950075750615
161.47489419478723
