163.45334725468592
164.43608129938968
165.4593130170529
166.4603023776388
88.52460586187632
89.53335129352813
90.54187351300212
91.53544375917976
92.54851128622842
93.54369892939997
94.52790223054409
95.52247077050664
96.52084685875894
97.53348394297197
98.52533299482923
99.52713219059261
100.52910551095371
101.53228052103553
102.53355555916698
103.54110216606661
104.54614247109541
105.53864427603236
106.53466542946057
107.53363967063822
108.53655745091466
109.52094135884391
110.5212554552045
111.51654511182296
112.52651519026652
113.52733162364707
114.52863939882525
115.51981513020671
116.51866402599869
117.52588183120872
118.51970180370537
119.51644809572313
120.51995621284443
121.51106817844453
122.51131713316428
123.50263839901221
124.5180605845027
125.5190163395355
126.51624791093458
127.50249962411691
128.51368760420948
129.51071284999054
130.50471547564013
131.50835526126252
132.50270464083093
133.50156302716636
134.50114435091115
135.46709200339356
136.46966280463278
137.4748196868068
138.46290817621485
139.47148958719464
140.47905480110413
141.48900911726224
142.47721245450697
143.47335593740783
144.46926012889892
145.47576914501832
146.46673670692897
147.46468713445327
148.47003784370293
149.47947112673972
150.47311110992223
151.46852595173985
152.48997662155227
153.47849421969082
154.4661490733142
155.4872568179449
156.46489430803183
157.47629418032943
158.47667759737757
159.43261779931075
160.4384951279661
161.4531425664509
162.441730972793
