163.4523703128124
164.44367146532815
165.45077753213502
166.45162630288448
88.52323061662592
89.53113077218097
90.52855867153889
91.52896784145562
92.54152670155898
93.53615938637297
94.52250671932342
95.52368804158091
96.50812067255676
97.51201728006565
98.51470722144326
99.50221195515277
100.51667416943381
101.51088400672617
102.51227372669665
103.50949783548225
104.51108184976415
105.52076232371948
106.51524667248134
107.50120567039384
108.50340902583602
109.50797789945834
110.51091390796513
111.50716024266721
112.52049753908145
113.52095293090863
114.51723413213034
115.49805472737978
116.51465913177397
117.51040550586335
118.50406430067063
119.49199877899714
120.48669584183394
121.49149998276155
122.48832166971928
123.47569547986728
124.49513215320178
125.47710938726279
126.494792272855
127.47980870667647
128.4931450550606
129.49132555553848
130.48310623868343
131.48265867853266
132.48603392789184
133.48807421820027
134.47506082794513
135.46887772088098
136.48611629553307
137.4794960484493
138.47590311168943
139.4657189008867
140.46521656693415
141.47290086600745
142.4750385835751
143.47225295390248
144.47187417211563
145.45776510242237
146.4755903925967
147.4545707000406
148.4695680782338
149.47266662605884
150.45394038394357
151.4557966212221
152.46643176413613
153.45926633846585
154.462186089548
155.45714487628612
156.46912716823726
157.4616458548537
158.44929960113274
159.45315068708734
160.44881630477667
161.45455332243216
162.44098641069684
