163.46530507941927
164.4636281615257
165.47624042798344
166.47560984620682
88.5422617966067
89.52596353722332
90.53742420115931
91.54966581144274
92.54515962977442
93.53422307746955
94.54442739630105
95.54582710881242
96.51530055129598
97.51798937600897
98.51208017924478
99.52431669295731
100.52157741751036
101.51545765472218
102.52516240943463
103.5179515527827
104.51776091240819
105.51363422592226
106.5040936002805
107.49181857495132
108.50850955922942
109.50401733936464
110.51173350852206
111.50573240670745
112.51511536331944
113.4947422277407
114.49825229997676
115.5033834861341
116.51232332442856
117.49199606392133
118.48986483713439
119.46847663993597
120.47156716324236
121.47267332019764
122.47441321575914
123.52229367997238
124.5509679994443
125.50451503260577
126.50861975468105
127.49139862954512
128.5079226145921
129.49473617112974
130.48986450555861
131.49404319720531
132.49158256229515
133.48880951089524
134.49007624875517
135.47834058068972
136.46972170848184
137.47050769049548
138.4741682365975
139.45730759677886
140.48172154596537
141.4715319002837
142.47855316982594
143.48196681212212
144.4685899823924
145.471755758642
146.48258868495537
147.47722713891065
148.4882759116242
149.47462075336009
150.47429833205183
151.47104606289005
152.46592392823052
153.4604046554594
154.4692616541622
155.46753998064992
156.47776060497807
157.45664039877113
158.45976482339293
159.4797087825956
160.47335263147735
161.47369391379442
162.47646529356308
