76.81445408203837
76.3263891906048
77.32326679723862
100.19673868881416
1.2130576102097164
2.2116444841848195
3.211398039266707
4.212383630444053
5.206660223096363
6.207473597871318
7.206472874822955
8.208302527075157
10.696809721493869
11.701504969087408
11.21361403780785
12.213289048849903
13.214373538977789
15.702492944690054
15.21210089194072
16.212610704877164
17.20951246711021
18.21206781468271
19.213249093613683
21.702979731512244
21.211476031914344
22.20967036078695
23.2132134493056
24.21151402127616
25.210831653416935
26.206499380849454
27.2471385198662
28.25162934764546
29.246913688360664
30.245197538906677
31.235900298039404
33.7280452797063
33.23413238940203
34.23620852834457
36.70217798671783
36.21346889428957
37.21816388971687
38.21660690815621
39.221127423123086
40.213919851434035
41.21410771130164
42.20959858538764
43.21128614518025
44.20834748963675
45.21055168099875
46.210349243898136
47.218715141232515
49.69987465074092
49.2153559361295
50.224790102891966
52.70031733989978
52.213594488792964
54.70021447980433
54.214710263917105
56.69019952409578
56.209361118533764
58.701224015439536
58.214089948017985
59.21723835357292
61.70187837131781
61.21420149606697
63.696937153023185
63.215787763824245
64.21437903356555
65.21387346932262
67.70497603324954
67.21514366391217
68.2157176084728
69.21184894017313
71.70239658455336
71.21916798413004
72.21880715909109
74.70359750466655
74.22322416119371
76.71452280583577
