163.4523212581723
164.44332862635665
165.45205096951358
166.45403403020032
88.52581729975067
89.53326514710186
90.52935966984212
91.52964951443123
92.54472798213786
93.53625084615531
94.52395613451723
95.5238371907297
96.50808358922727
97.51277709315916
98.51716833685082
99.50263745382532
100.51678151091016
101.50813724514707
102.51143491291243
103.51079457134362
104.51050683765841
105.52109846439669
106.51429133534529
107.50010254896526
108.50292692873501
109.50776582438553
110.51059909227861
111.50640224124156
112.52061278599406
113.52025255021474
114.51676342045207
115.49632829844751
116.51384750035137
117.51176978980169
118.50419930325604
119.49349302009537
120.48813960849192
121.49134510981531
122.4868280712852
123.47693555421755
124.49574395100842
125.47842714058069
126.49491479196536
127.47971833087307
128.4914723633041
129.4932040661357
130.48406745638337
131.48263704794627
132.48577802713143
133.48943565132495
134.4770899958509
135.4677614397145
136.48614368053438
137.48151173902164
138.4767402528181
139.4667555059468
140.46775206137897
141.47447587787212
142.4738820289136
143.47253456506212
144.47115061198645
145.4573408115965
146.4757957159311
147.4528858703334
148.46736807321307
149.47192814978067
150.4539457050597
151.45516336469296
152.465059844346
153.46134074942069
154.46203590754328
155.45511125886867
156.47060896556837
157.46211523697528
158.4489916872592
159.45504599845106
160.45031797213892
161.452905376588
162.44290315504975
