112.44476324790682
111.45137803389125
110.45498036148048
109.44133004604049
172.53029529586576
173.51829595442743
174.53309497990188
175.51081022455355
176.4870923685012
177.5313616110732
178.5131794355976
179.42600393135217
179.38428865491454
178.4622721779743
177.4678194300237
176.4646018594068
175.47613705061465
174.48493798099756
173.46283881513776
172.47890945722253
171.49242576048752
170.4682569468695
169.47348995937497
168.49743785537976
167.48233321268611
166.47304172547442
165.5014523062342
164.4980693611472
163.44606560863406
162.4898156628495
161.49251738391857
160.46142916996132
159.48411311483764
158.49286216633442
157.45000146382577
156.4810595970374
155.49682986505815
154.46332238967955
153.47489174200888
152.48764995695564
151.46545273678268
150.47509843098547
149.5016696377941
148.4674475376977
147.46031672583123
146.49779783374825
145.47646661242462
144.4798768047318
143.4995132341338
142.48006741959955
141.4820572517416
140.4856520221235
139.4893739487754
138.46862944074348
137.4935503744789
136.4747620977656
135.45899238040863
134.4853643688208
133.4760069665559
132.46567832306076
131.48364765680373
130.48658541231126
129.46597464838348
128.4761896528502
127.4683846696805
126.4785656266415
125.4721661576014
124.47074024595405
123.46275966858636
122.46377686807473
121.4482326026022
120.45904413612752
119.45792449735676
118.44871949235221
117.45619291595247
116.46213625994916
115.46149544333647
114.46299721434494
113.46251912914865
