162.87604089760788
163.8644766403108
164.88279572478774
165.8756839196067
87.94168629907894
88.93976867982354
89.94329857346219
90.92995746606871
91.934801280883
92.93457867676912
93.94306524338513
94.93664398084296
95.92242371770915
96.93428888984977
97.9400270793573
98.93336636048718
99.94453138134212
100.93397761375266
101.91750380962787
102.93103454608234
103.94057582615787
104.9326562154597
105.93052917547112
106.9340474911698
107.93097837569552
108.93253801898912
109.91845938385305
110.914545121564
111.91210968284189
112.93434948069594
113.91577995658207
114.90939046262535
115.92003524634721
116.91955162200023
117.90153420887054
118.9084487865855
119.90157082666536
120.91860369838601
121.91327951326694
122.89985171128002
123.90901626998894
124.91386876015292
125.91650649031337
126.90397410634317
127.92350799468342
128.91300941242162
129.89803994045633
130.91383135473865
131.89864209415887
132.8915495001738
133.89607035962777
134.88424330860158
135.91133721728093
136.8989835752111
137.88184271847115
138.88591994601393
139.8878328181279
140.8823957672486
141.8796366048637
142.88887991973428
143.8958845326025
144.89486509809777
145.87401625147643
146.87625654482378
147.87883103805532
148.89431285390094
149.8753218149863
150.87939590899657
151.8853309334839
152.88520176043554
153.8742785783851
154.8765434849097
155.87386936183623
156.88534740531864
157.88445217328874
158.86828348804053
159.87648607656135
160.88013710889214
161.8861132229394
