163.47523926795049
164.48945329770686
165.490611330131
166.48339691244396
88.55127742357686
89.55802936385075
90.56723218888116
91.56266433412755
92.5539812818065
93.54837173138093
94.54777916617411
95.54101409439295
96.55479982751434
97.54950152479852
98.55008287778455
99.55090159714423
100.54986294151583
101.54539692595067
102.53151546405444
103.53721422399477
104.54148860538419
105.54258461656762
106.5342845156285
107.55134245177028
108.55732443725898
109.54512808681426
110.54246702714465
111.53977599367636
112.53097657600661
113.53899536660708
114.52442104699101
115.53278376170863
116.53054599603472
117.52506277708804
118.5402555609888
119.54259109383858
120.51983025062333
121.5296246188262
122.515714496898
123.51710893483143
124.52349975261491
125.5225931863327
126.53333267133885
127.51247479823415
128.51757558125118
129.5242407120505
130.51646977735228
131.52028679417347
132.50242880260822
133.4973228338045
134.5091921159602
135.51503249564743
136.49554268820285
137.48975374444314
138.4866974388466
139.49884875834022
140.47643465335895
141.47698785881693
142.48532499636215
143.46725405048136
144.47934946805026
145.46023429254586
146.47252968460123
147.4645783209129
148.47171112037117
149.48383515288137
150.4762201319459
151.44879371604682
152.47473723603505
153.46475549790233
154.47570512580688
155.4631161741585
156.45507546955267
157.4655611144367
158.46835404767725
159.4635744235799
160.47072547957686
161.47874238325187
162.49016406291972
