14.713424367684334
13.714258305362902
12.715487527087456
11.7143066649395
90.55205394018863
89.55158414562123
88.55156607398631
87.55527820781123
86.55545404273528
85.56711532257233
84.56351846161922
83.55995710097622
82.56652977939065
81.5649770640493
80.5673833573768
79.5702586249445
78.57238438862247
77.57158144045594
76.57610776260145
75.57322673431672
74.57227365999388
73.56760208257268
72.57381941577206
71.58261277739761
70.56243003670116
69.57655329006218
68.57826374818323
67.58615375042623
66.57898168706144
65.57940989463586
64.5813509640925
63.58406572005816
62.58805819930377
61.583120797576456
60.57997000928361
59.585810433879125
58.597977283610405
57.58956000285145
56.58806779829733
55.593584733801265
54.592852835899066
53.57763084991098
52.582741134572345
51.59438770382383
50.589714450212405
49.59476292853635
48.59305980719615
47.59519639117643
46.5960864109621
45.60275257626258
44.60270767418535
43.60183948333052
42.5992585252185
41.59743675790034
40.606152956792485
39.59255245623389
38.598690383939704
37.60170748880196
36.608935916526235
35.605142527403714
34.59804389014819
33.602545736171784
32.601995501662046
31.61181319073537
30.605280450664736
29.60744441832237
28.609179368199555
27.60935058795507
26.610907178136795
25.60476461999615
24.607419552400348
23.608953675597952
22.60965141755873
21.60966958360999
20.603182060705635
19.61178747251759
18.606950246219046
17.60914940959042
16.60500922296095
