111.25534572350915
110.25272043122595
109.24088868832833
108.24721350653913
173.78946167841576
174.7829366441541
175.77301148425758
176.7925353430613
177.79181333811223
178.76009656230437
3.5571490256041303
0.789886683793616
178.18644723830454
177.20869536589885
176.19352947968142
175.18984007771732
174.20493293451005
173.2242484812286
172.20742852264388
171.23252603188035
170.22917738187098
169.20952568884545
168.1919109419323
167.20264625452305
166.21081211776982
165.21772967917346
164.2408899053435
163.22127794553586
162.217624783905
161.2072170841408
160.22978743857684
159.23192166872144
158.21638857092685
157.23283764781806
156.19931838431302
155.21236993069664
154.23481422716452
153.2423782098643
152.25382523091943
151.2549270811224
150.22677519241603
149.2340607365284
148.2411063612349
147.23258555602908
146.24597645065143
145.24193534167506
144.24297103359817
143.24514243163065
142.23697205297523
141.23975580482755
140.2371891627501
139.24482184131116
138.24531876392192
137.2434026865367
136.2420354338634
135.23564487363345
134.24560287435193
133.23134827777625
132.24261332719257
131.22952622075962
130.25254900224476
129.2469852485383
128.24387359918768
127.23892360195657
126.24814821014056
125.2823494031237
124.23979838410426
123.25139903329051
122.23861808917623
121.23645166724349
120.23492293232343
119.22670501767878
118.24900663861881
117.23578424164769
116.24186470540073
115.23790280795076
114.24562486119024
113.25041989918759
112.23933177122731
