22.061667326619805
21.067342099622536
20.08211521085288
19.06384297453836
98.82853215147952
97.83001686191504
96.81209203166762
95.82727518900857
94.8297462419526
93.83658930961798
92.81967139699876
91.8220124430311
90.82881732804091
89.83484044198818
88.84172143779077
87.83229937331218
86.8427326621008
85.8323152958686
84.85035019253684
83.85427304517789
82.85106698777254
81.84255395386515
80.85217788405932
79.84100261976343
78.8455717719932
77.83482159649442
76.84667620596731
75.84978570135823
74.84796335166953
73.84047160362248
72.84037426365765
71.8446834481277
70.84228357679777
69.83527717544966
68.84804782875216
67.84744995879151
66.85748637448718
65.85960013390766
64.85218227006379
63.84357390776325
62.84865339707174
61.841547345423386
60.85430010577637
59.86078455526405
58.85299270673481
57.85261463637221
56.85286271056259
55.85887180294997
54.85071068110943
53.84793754756741
52.86088768665463
51.848675217017025
50.85743161611651
49.85881279182936
48.86327031245353
47.86121119860033
46.893757111700154
45.84694225715744
44.84583215554717
43.841922172839006
42.84519978057267
41.8516563652862
40.85243608169488
39.8518244499854
38.85458715551259
37.84478356580547
36.851014611011436
35.849757860642555
34.852185715846204
33.850591303293974
32.84913703044467
31.85002065545362
30.85181825353127
29.856572180721002
28.848953926499345
27.854028798488617
26.860775770025477
25.848027610919914
24.85261940865164
