48.20846145529274
46.05369746603951
43.97088128671511
47.30714889758712
91.6398468726942
89.36494551719106
90.3673942865345
91.36417483641858
87.6260282605888
93.38102789624048
94.38733917588151
95.38895801685345
96.3963194772726
97.39205430428768
98.40590704338774
99.40334734257777
100.41070157072011
101.41728608307974
102.41397455704583
103.42078527360435
104.41787625383415
105.41700809558589
106.43097417822877
72.56618773663807
108.44085039876352
109.43304354836067
110.43856476097366
111.43038917321876
67.56624481805851
66.56445409354279
65.55615352414493
64.55699274405761
116.45141977072959
62.539920198819146
61.544613858900675
119.45479401101441
120.45002468863392
121.45036543290956
122.45101147159735
123.44814358815562
124.45706570177676
125.45729797579018
126.44719553333945
127.4532285628219
128.45665450425815
129.4489206898379
130.45674979927097
131.45227609462233
132.44814385723114
133.4448221139613
134.44688479737212
135.44832422724338
43.5168842160151
137.44844577302155
138.45777234482625
139.45023421295022
140.45295131296734
38.52284003393318
142.4565102733514
143.4588942680082
144.45134605117326
34.52917223866303
146.45303768689016
147.4456290916673
148.45577768938128
149.4558535339742
150.44785960734177
151.4522371233935
152.46230050644746
153.44883715721193
154.45683556797943
155.4528849888387
156.44777358417403
157.44731838470932
158.4503825356098
159.45749700233588
160.45026271510724
161.46281073708712
162.45848758862383
