161.34763744061388
162.31170260405744
163.32616361162027
164.32658648088525
86.38502504666477
87.3932868726702
88.39647029863278
89.387180995507
90.38952965019124
91.3848287172028
92.39276668758657
93.38711337210118
94.39183235112701
95.3728193419774
96.39186045943029
97.38597011295629
98.3710170919444
99.36642529077017
100.37653794792915
101.38431439995499
102.37868683343879
103.37040295250739
104.38701598212762
105.37029700085463
106.37809035350195
107.37546134296014
108.37386367598486
109.37356297137728
110.36292138412735
111.37021816181648
112.36705622697365
113.36053383888276
114.3658781843962
115.35355160842069
116.36758745399025
117.37294841326347
118.35105358372495
119.34181861488071
120.35936267290568
121.35942832988678
122.35761147028872
123.36653636003956
124.37260026166052
125.34413938849472
126.34950767966951
127.3478472347932
128.34991262823849
129.34948177031998
130.35593870140806
131.34390235148416
132.35067666288916
133.34773802242327
134.3409905536681
135.33250179467805
136.33290883009354
137.33760720195147
138.3318543789547
139.33919967183095
140.33756943594366
141.33448468326023
142.34642404605094
143.3285285029021
144.3085564820164
145.3373590779678
146.33080588827428
147.33810751622545
148.33600623834332
149.3239436586364
150.33284496485237
151.31310047521202
152.3146092118338
153.31897214717108
154.2994056079474
155.2991882214405
156.3051005685855
157.33279002626307
158.32256582275795
159.317864655736
160.34453543091308
