12.331972803778376
11.328134679416356
10.331165266935518
9.321437785174583
89.12181452253697
88.11934003888297
87.117407818839
86.11863963925853
85.11463682701326
84.10585723123658
83.11772438496949
82.11881685649132
81.1191486016001
80.11583571146478
79.10468781654613
78.11403257981469
77.11451904631912
76.12590707908593
75.1392341010429
74.1260989462546
73.13941928817358
72.11748486664966
71.12610620916615
70.14178027739224
69.12134701493413
68.12445517705117
67.13366181490291
66.14404965430994
65.13500793852336
64.13774220962293
63.1336844560497
62.12623947487907
61.132566118136445
60.140231515529436
59.13028579320166
58.13474525128054
57.14366634985306
56.13699186009461
55.15300035050672
54.1449679637272
53.14503464668726
52.13117107096388
51.12735325180851
50.13225663835982
49.134209980914044
48.144760063218065
47.14512686933323
46.12862813197642
45.13618319224842
44.14793417772855
43.133917051373295
42.123686921277056
41.13905497644045
40.135381320159645
39.14884640293335
38.13988892673516
37.12688984854364
36.12856575258965
35.12866657623864
34.13002639449921
33.121880113679815
32.12654580094714
31.145372479377766
30.14553246405888
29.14716360484275
28.13198807067212
27.132877982650836
26.129859996005003
25.1377791574268
24.12475977401449
23.136253791438172
22.13350369046804
21.136973775317934
20.151898226890314
19.13373022012947
18.125949326799343
17.142020255191447
16.13698181376499
15.120165691868698
