162.8400282459355
163.83755574309887
164.83316565959763
165.82998231410406
87.91957066631669
88.93062317063853
89.92299557560757
90.91733709770881
91.91652106710586
92.91566378973127
93.9181835519669
94.91605908661334
95.92148163960321
96.92029085793175
97.92799601083551
98.92898367379247
99.92319315306972
100.90341691957434
101.90425247121573
102.8994909679275
103.89859720105471
104.91050112708102
105.90562039232046
106.90024838178874
107.8949624535404
108.90045655365054
109.89579342331484
110.88345069440018
111.89290838422603
112.89260269434578
113.88161105116339
114.89690951061502
115.8926778147724
116.88632110660987
117.89254660143618
118.8773164666661
119.87132712143094
120.88434283970186
121.88307836471108
122.87373265097213
123.87166766044842
124.85955279003485
125.87616448636328
126.87655446395543
127.87010482590271
128.86877606874347
129.86113580469956
130.85931426324265
131.86340833611374
132.86373847914683
133.86106670496443
134.86650992376957
135.8602055373511
136.85415901936582
137.84890182322331
138.85192785060798
139.85213375192106
140.84697558735053
141.8424410705725
142.84954378713456
143.84848464557868
144.85425087883192
145.84573409218314
146.8325055699049
147.8294973561188
148.83744356562536
149.83244545075976
150.84418111978476
151.83655258888302
152.84342719048436
153.84748904561954
154.8328125607861
155.8233862167891
156.83472460682836
157.84134682875938
158.8335130998996
159.83649491214905
160.83634795888514
161.84653156711474
