11.21834855286166
10.213743095922286
9.207359627694853
8.215373190069085
86.71858193391155
94.27385608779848
84.72741399077943
83.72538421556439
82.72779894724071
98.27587649636037
80.70562212203095
79.70511171162666
101.28232955416041
77.76283052201192
76.77195980425768
75.74364154343023
105.24445848349774
73.69745269688853
72.77040342515805
108.23246464591627
70.78764175705209
69.79843444831496
68.76839410721352
67.77439828244785
66.77603236354652
65.77878910292748
64.77283496931962
63.771329396061894
62.77525072533727
118.22463700580043
60.78965249178874
59.77593880079865
58.79031643231329
57.779272096074585
56.77944399644771
55.76901230439066
54.78150844565962
53.76597137004421
52.77909077265604
51.77749263144887
50.77371436740943
49.728590915551
48.73581646860143
47.75361979789283
46.75383721870167
134.24430456978624
44.75924159373877
43.737284369543346
42.73872331839365
41.732886542621976
139.24166628881372
39.76151436929647
38.753736829324424
37.761303069230884
143.2301562017736
35.76315616954701
34.762621225677194
33.75879988824304
32.775167093927536
31.761055625164392
149.21899979727596
29.76659037808632
28.76575280972916
27.769757588241845
26.7766821706057
154.22043116784397
24.774494784300774
23.771713005542374
22.75538188305961
21.765933011937705
20.772498150338713
19.764960151197666
18.761231821443975
17.7632710996964
16.761629658477446
15.781409934061543
14.779264844216648
13.769092978177843
12.781447944170496
