111.25098325616732
110.24957574543038
109.2391757806618
108.24637139495074
173.80883747278517
174.79314095792037
175.7638731722864
176.81517672452267
177.78293802063905
178.7504157808627
0.046327414481353676
0.7903423590724125
178.16955873783172
177.205304578959
176.16681595701974
175.18265711323343
174.20924010880182
173.2367076524633
172.19509934251437
171.22490987546166
170.2368326795295
169.20141548976545
168.18991147699754
167.2064441423068
166.2047741842339
165.2195013088658
164.236422759441
163.2173558547293
162.2162219906109
161.2017537937714
160.22676090574151
159.23223918521762
158.21297763893253
157.2296637742435
156.1951307117834
155.20860631228177
154.23097849845877
153.2415185714763
152.2535507528475
151.2523164169001
150.22211510858668
149.23199361752972
148.24289891558428
147.22909468505364
146.24185916843456
145.24053329466756
144.2425990802158
143.2462873401133
142.23348441233435
141.2386590510505
140.2369827900998
139.2416709774017
138.24600825908416
137.23961130678288
136.24009699670268
135.23420841991907
134.24441268961405
133.2291279006624
132.24176692282742
131.22567474917872
130.25168989222558
129.2436404223143
128.24344702990896
127.23541610562114
126.24756337988958
125.28018173309466
124.23931329380154
123.24880068713561
122.23586344248096
121.23297685376339
120.23451348053464
119.22535539490931
118.24677674360284
117.23366255811221
116.24106865619896
115.23578885182891
114.24156950383471
113.24830567659657
112.2383296970033
