20.270075375381317
19.269077895905866
18.26183261654756
17.264561146922787
97.00808312764927
96.0186861228919
95.00993119902125
94.01610267090884
93.02684734780408
92.0290687044266
91.03552348125527
90.02156538474557
89.03270324965365
88.03411781811003
87.04095540459845
86.03531451525069
85.03429722861894
84.03305919387547
83.040857486671
82.03004993833191
81.0380935576775
80.02575616054749
79.03661035367037
78.02693587672444
77.02619141695104
76.03237918005578
75.03917610726441
74.0463401145072
73.03659109737865
72.03875393392663
71.03158674327231
70.05443628148981
69.04276749366676
68.04286063713938
67.04254010144787
66.04731000996337
65.04139684068616
64.05412638691034
63.03925511691796
62.04789511519649
61.03658231472192
60.044333783953206
59.02007670490541
58.054654039561925
57.058871586780995
56.05883764683499
55.06288630570422
54.0497339720349
53.05282364625859
52.05217351383823
51.05119534686118
50.0535586583967
49.0550383148089
48.06021446122744
47.06174212918884
46.06912947876088
45.057074064705226
44.06050537965029
43.05082599615536
42.058738870938015
41.03808926217629
40.05142541732301
39.05094881211073
38.061315958594534
37.06752530536784
36.050187931759446
35.054552686118214
34.06391203742429
33.05922616438575
32.05265987376653
31.061702279512502
30.055750819934328
29.071806782715832
28.0698680593801
27.065912413893738
26.065617953382308
25.073648743483822
24.058491159739447
23.066215822110323
