15.92079942131011
14.91617895375588
13.915124582808529
0.640458539401136
87.89828693915761
86.89415006347747
85.89842217901281
84.89805076596647
83.90173080395869
82.89993679030353
81.90649283759849
80.91058594668863
79.90826437853426
78.90495581698941
77.90784820466206
76.90244766235553
75.90775148019507
74.91036586145941
73.91060791309964
72.91542545220301
71.92155022362122
70.91540364010712
69.91955775653369
68.91844255046558
67.92087607530335
66.92995224075975
65.91818625308571
64.91976757343991
63.922218703575254
62.92076512374999
61.9227122246187
60.93085078177553
59.92512333598767
58.921858329421696
57.930105121068415
56.92778794309657
55.92731908175001
54.93250290638399
53.92924637986287
52.9291865674099
51.93240188587579
50.927475735776966
49.92392790285229
48.92978672647738
47.92795880713656
46.92698371123631
45.92736724111693
44.926248855801276
43.926846990002886
42.92928090005653
41.936321503278506
40.92935176931757
39.931501726797144
38.92920385251242
37.92751364304018
36.93223857197547
35.92764954210353
34.92247270318842
33.92363578642966
32.92813376456385
31.922308159667978
30.927639702373042
29.919140184616314
28.92791950521752
27.92475204496741
26.922729662105972
25.924579911695584
24.92144258806713
23.915581653207447
22.922749572590444
21.923214369779387
20.918258188356045
19.921992932163064
18.919195132621358
17.913270021971687
16.913697727928085
15.91201276362716
14.910515008767316
13.911214959309355
