162.57491492377187
163.59488954603614
162.63225569685716
165.609069082111
87.65425073635511
88.65349690150339
89.67266518665912
90.66109270877416
91.65701703575807
92.65132987661289
93.6418784568101
94.6402828346262
95.65925325620894
96.63783955020553
97.66450686157624
98.64850673744978
99.65734266188342
100.67755924045787
101.63565325153643
102.64563443009703
103.64976679256553
104.6660465170814
105.64653568333051
106.66873647417822
107.67238890308143
108.66200955505597
109.63552529994249
110.64334176485006
111.64111460679207
112.636387734084
113.6267622831633
114.65326021698958
115.62898060202006
116.65278726044961
117.62318786136916
118.63000235416773
119.65057951367766
120.6281967163363
121.63826387126132
122.64409683821528
123.6118439851373
124.6427856547039
125.63065832574316
126.62681179256863
127.6277926944435
128.61553490629026
129.6341041133663
130.64013025510712
131.63731670005245
132.61906979490055
133.60852053775233
134.6477657030584
135.61917972951863
136.6361477437076
137.6040263879977
138.6183170215781
139.64663559200363
140.60313679722512
141.64049475214412
142.6372384181772
143.598548619485
144.66087886680253
145.60147010413382
146.6388914629475
147.60958839642143
148.6273872088974
149.62898167721053
150.62714406718254
151.6577873463634
152.62959876118765
153.6140367168553
154.62854099585493
155.5961427865438
156.59818514013227
157.5961396103134
158.62853438661625
159.60961223019143
160.6246395756309
161.59509502875576
