163.44375372748377
164.4541906989573
165.46139518797594
166.46138353825458
88.52957844113806
89.52018597542528
90.53728377890674
91.51391322741786
92.5230473108637
93.52798662516788
94.51482703626898
95.52604527028689
96.525262048011
97.52007643991926
98.52187134649796
99.51939803639448
100.51875762683021
101.52288463908353
102.50385894386648
103.51618542139839
104.52093156578704
105.51265020374834
106.52365757820382
107.51610066553368
108.5244400111
109.51278312232296
110.51657043097644
111.50723501123709
112.51388642868814
113.5224257847977
114.50848650616827
115.50811970507702
116.51492485024416
117.51094289380475
118.50840621632405
119.50575168317931
120.50413438730342
121.50879569810157
122.51532781452377
123.49495928778185
124.51259814137927
125.5136336492065
126.51306838937435
127.49953474209032
128.50748536928504
129.49978381315893
130.49657242854352
131.49374492282377
132.48546050057348
133.48629532798537
134.5001507075519
135.4931887916302
136.49900918568707
137.48451637318013
138.47720997882504
139.48312406327963
140.48625427834776
141.47992694295067
142.4811429190036
143.4788920258726
144.481810246666
145.47537237078163
146.46760890348884
147.47683123639945
148.46540896202103
149.47116023195807
150.45853845763722
151.45171599344079
152.46197638393292
153.44932084347076
154.4632517665975
155.4614594949801
156.4377919683639
157.4453772201478
158.45687133575183
159.46781476495335
160.4740245947241
161.47064090158895
162.45407483972772
