162.5851564034942
163.59631847064702
164.62499710981837
165.5764140604341
87.65618418394827
88.64289699020752
89.65217572377485
90.65065315271774
91.66525816518563
92.63687118565377
93.64005381060635
94.66920681354291
95.67197022803856
96.64977945747593
97.66318933382101
98.63568487330286
99.64167177126126
100.63092401975494
101.6499499088333
102.65776141504048
103.62887939725609
104.63304430445292
105.63000811579772
106.63064328698535
107.62874690899662
108.65487150956929
109.63120701006939
110.66617683645008
111.64097130297796
112.64904204087061
113.62477794199194
114.62548735730235
115.63992309921161
116.65690741938812
117.62548435258815
118.62942043443738
119.62999495078523
120.62761821257479
121.62777156533969
122.62655267503516
123.64803594290102
124.59460344171431
125.5898117309353
126.55861463817865
127.57483601900887
128.59010895552586
129.59575076235242
130.57441871278016
131.60537814629788
132.5627919300889
133.5959150915343
134.56526128549984
135.57493303849893
136.58942301490114
137.5652104307479
138.58739566000057
139.55909454710627
140.5618211186942
141.54477652241013
142.54580036521497
143.55423430219216
144.58761018973223
145.59070975584018
146.55487604771682
147.54470587944053
148.58266315388303
149.56484258102182
150.57000224304056
151.58140678211225
152.58306528487344
153.59471719381924
154.57350674281253
155.58086385080347
156.57786521463794
157.59783442458598
158.60311816994107
159.60371876009583
160.58358118112275
161.56466579721726
