162.63143056098204
163.5891113593372
164.6085629243008
165.64382186148381
87.65777236011256
88.65231119063533
89.6790041226638
90.65394726058449
91.6772375509371
92.6596922297426
93.68473195855192
92.64508503812755
95.64178009090855
96.65080902458794
97.65145348556142
98.65169981814432
99.64579430669785
100.66160065908583
101.6490777681121
102.67579077996793
103.64974525120786
104.64855938714351
105.6821487973787
104.61281148230935
107.6091573156937
108.63650014206515
109.64333670593875
110.65780744477945
111.63060766633454
112.64697975724755
113.63078655473485
114.64227116698848
115.656309582807
116.63567139555346
117.63529103393986
116.60157701055331
119.58787700956834
120.62702806629692
121.65065993448826
122.64802128509349
121.00345747248393
124.61256524778885
125.6225170848586
126.63893529405044
127.64913948767514
128.6296980267527
129.61023890906588
130.60664289286657
129.35870651995685
132.59372016910342
133.64303459395381
134.6076846931703
135.63367281208423
136.63284892371183
137.63129077631737
138.617138418282
139.63181773130424
140.5942245378944
141.61029724157856
142.59964374229503
143.58615814830057
144.5900143656939
145.62970723797636
146.58602516288354
147.6309989138154
148.5893175728213
149.6349947311932
150.63507841614063
151.5857472167888
150.3023975812339
153.60939772783723
154.5839265836324
155.62464692081977
156.587053924879
157.58554388685118
158.5895888056632
159.58131596694824
160.58910183328967
161.6161274884297
