162.81640153165117
163.82297924950188
164.81764521068817
165.8071004410647
87.91596756098697
88.91791469179104
89.91497473541722
90.9148460536321
91.88461513734609
92.90539508222254
93.90136138411953
94.8979909122472
95.90554169754456
96.90096493543405
97.89676646341398
98.8941672435452
99.89093938544674
100.9032494397509
101.8957674861221
102.89042490751574
103.88607080330814
104.89390721524774
105.89531142389205
106.88800143564218
107.89150586235564
108.88283442469107
109.88048944935286
110.88246097958898
111.88101321891958
112.88561930500815
113.87159404982252
114.87931671857356
115.87751311484203
116.87190530959823
117.86485465567675
118.87133295480561
119.86197172852641
120.84233574046732
121.86114815181759
122.85728837712094
123.8656146426474
124.86567762333021
125.84982610506042
126.85984622013082
127.86261465754252
128.85511049393205
129.84287631975567
130.85654443687287
131.8534791578301
132.85203948588745
133.84823597695618
134.84125633224204
135.85220754748806
136.84298967681957
137.8438103766566
138.82888446132938
139.83756506772608
140.84206024878904
141.84123958814016
142.83482257914332
143.83785699934384
144.83438247534733
145.82903867296878
146.8329497862022
147.81215727837295
148.82994703977738
149.82989055518152
150.83649750582518
151.83581920860743
152.82152040059694
153.82917390726513
154.82942967865287
155.82253868100102
156.83279323907212
157.82778438584347
158.83316571680282
159.8138156761108
160.83195621675821
161.8261199053995
