163.44051632998307
164.44416349583733
165.4588497703764
166.4537356814191
88.53780995054524
89.53437129294984
90.54057801924264
91.5416784260153
92.54210815949955
93.54272748536293
94.53211102605043
95.52387689489284
96.5370598125824
97.53343111517378
98.53134113086246
99.52573893843844
100.52418575205627
101.5252369429798
102.51910054612199
103.52135810569541
104.52990140024858
105.51590938237663
106.51608804573941
107.51597379337552
108.51102549147892
109.51698623032412
110.51462300678295
111.51875416492861
112.51391887312954
113.51439803725306
114.50895594511547
115.50706649642626
116.51065593675233
117.50326316429613
118.49770312231541
119.49673696417283
120.49548292966581
121.4915034168216
122.4864427829107
123.47363184340601
124.48617633037006
125.47858915253876
126.47776687973793
127.47740078020625
128.47660557401264
129.47962966288864
130.49022668562696
131.4880025629806
132.47822297714657
133.48783731748887
134.48117579578962
135.47437809058218
136.4610292145191
137.46737437141908
138.45964021834138
139.47101708529695
140.4685887350867
141.47312719876587
142.47138106542926
143.46465812526284
144.46915443450823
145.46594689341035
146.46820074936173
147.46618611250588
148.44728072982628
149.4508740045403
150.46901621711987
151.48282077485572
152.48498924926187
153.4804780665985
154.48734387139072
155.4677145716868
156.50475331512143
157.49496946945254
158.48928794776654
159.49292520346938
160.50030430628198
161.49169163096775
162.50762684997758
