14.333421924087176
13.325588028638116
12.33581150882399
11.33541775806787
89.89721204715872
88.89539563856589
87.90071007699221
93.10364725242063
85.90509059255241
84.89932291250037
83.89751714512693
97.09096567587336
81.8959049902702
80.91225986580478
79.9070251725482
78.9054182001347
77.90752401951971
76.89381283919435
75.90969430058306
74.91419294443969
73.90204749334758
72.91362122138354
71.91281402562193
70.92360526404886
69.90728404974489
68.94827594240552
67.93247322780765
66.93209052798184
65.95769689482977
64.93651551932281
63.934634826735774
62.93381632004019
61.92862759998076
60.93108354518923
59.91171115370222
58.944899450910626
57.94292914189331
56.941877025905335
55.96212509729615
54.92770162955342
53.97032851429774
52.94274747816118
51.94113988969775
50.983479569404004
49.938777912250735
48.94511334433432
47.951126693733414
46.94062676922019
45.94954002862302
44.94685495161237
43.94679733984954
42.92802341275171
41.95139814999271
40.94662832152146
39.9429859795125
38.94045656515622
37.93980200122115
36.952204531703494
35.95534513695678
34.96678886792267
33.96011132427646
32.95334022338758
31.957922745289288
30.955765129510894
29.951523971381697
28.952697261247614
27.949500749743358
26.961231178208703
25.94767256426922
24.952252239682657
23.936249552848807
22.943253764269095
21.92189604269353
20.929598224714596
20.002825136653204
18.96275641554999
17.963162349575292
16.94469474809842
16.002570187491557
