112.45431968660667
111.4538345338178
110.45236127032938
109.45647346501633
172.5124279900169
173.5128795717027
174.53127537253556
175.50861619756603
176.50504850361443
177.5283711236328
178.50453130831954
175.04357691848747
179.44930436392602
178.45094733553398
177.49805472585712
176.48340049888003
175.46187115468902
174.49335011918294
173.4833705397125
172.4636450550812
171.48965133370362
170.50571646984258
169.49539024696614
168.47301804327097
167.511992277299
166.495716929559
165.48363922781817
164.50022360785687
163.5009153052298
162.49802515966704
161.47910711185986
160.4750621568175
159.51316994848867
158.5048308188893
157.4868341786958
156.49832207250347
155.50952859650465
154.47498316104742
153.49425482532675
152.5171914431986
151.4930954984606
150.47802253780074
149.5058302231258
148.50391426035674
147.47480938660343
146.4786210783375
145.4906275323351
144.49538384664658
143.4712250005221
142.4791218083636
141.49385235928978
140.47177317978907
139.49488303417817
138.49892383504522
137.47937097802154
136.49040950911623
135.50240572103814
134.47745571526642
133.48179630896644
132.49146319110474
131.48711539688134
130.47156432612215
129.4906100954757
128.4945114470239
127.4812144230726
126.47050641667526
125.47697987593384
124.47044382051676
123.45656261138309
122.47533831186324
121.46553632741717
120.46858084615769
119.46900050818856
118.47104914281356
117.4638512184478
116.46914458304326
115.47689977313155
114.46307696265642
113.46168643499192
