12.555529556491484
11.560633773175692
10.558987728600057
9.562769675798737
88.12977279868352
92.87849209957284
86.11636895944524
85.12109086829811
84.11974820477141
83.12695983551772
82.12822668212303
81.12520857006967
80.11426165002364
79.12295847927442
78.11110505487844
77.11743164320376
76.1269345104494
75.11366661296778
74.11846576209064
73.12576417270641
72.12112507059736
71.12717977785734
109.86954008875925
69.1225095211158
111.86690476129216
67.12364415622355
66.11012908073916
65.10676122484027
64.12855994662593
116.86167395698222
62.117449398475365
61.132809291538386
60.132110524268576
59.14130017891383
58.132542848228496
57.137244003360614
56.1274831285663
55.13229306931155
54.133190703647124
53.117003520717475
52.13108548760287
51.12816651567288
50.136021211446895
49.13144049127596
131.8539568344754
47.13442970333496
46.13178281836004
45.13229101733743
44.14598008892885
43.137320664263434
42.13661091029072
41.128321314759006
40.12744004842186
39.12864343991154
38.131255480689894
37.138692284399426
36.128831346549795
35.13419257790382
34.13898059899568
33.1267866231182
32.1446847114955
31.136834064300608
30.134800692299397
29.142100822846245
28.141628716776772
27.125916962448347
26.144289398675113
25.1456552113998
24.137272100648527
23.15308828983945
22.144727613855324
21.132914524841446
20.13945769329588
19.13024072188202
18.141364951757183
17.133885634081636
16.141197412565518
15.137326656012982
14.135848538283554
