14.965724787303163
13.930186037939576
12.967657972239548
11.924163236477856
90.53626886721784
89.54061276331592
88.54491949111747
87.53904012099292
86.53847305363294
85.54543361140841
84.5427905017023
83.53878783438809
82.57287850682026
81.5646526878573
80.50277979996407
79.50954017533367
78.52391646161057
77.53834848476868
76.54265192297346
75.5308676935982
74.53059423938764
73.52379065913598
72.50871485203167
71.50163042650128
70.57921616436913
69.57180315805874
68.509297196718
67.49050416586125
66.50447650310352
65.49918128291462
64.56535217612485
63.52824016909011
62.547820529562884
61.529385317421394
60.547480293313434
59.542619944104615
58.553025281379
57.54900550134946
56.567193494485174
55.5773373139022
54.57556098217739
53.5768396499907
52.54415792331359
51.52495556752152
50.53389838151941
49.58062337699795
48.58220150563342
47.577733758693576
46.57247139484294
45.57200066919774
44.57561565139348
43.55344616646197
42.517788360186486
41.50551949480961
40.52290683030088
39.524429480910875
38.52497137591626
37.52410966887989
36.502909935022444
35.54710081920723
34.53290050899553
33.546929627344696
32.525414664543376
31.533319618945704
30.515381412429843
29.534116268397955
28.519053786659708
27.527324407786235
26.545762366848862
25.536396055829453
24.539066477020825
23.536200218933235
22.514888700404978
21.54708235522848
20.54888278839829
19.555613313229998
18.562810815013126
17.552520461206036
16.542596836379463
