162.5412400954139
163.54942164911353
164.51963393543218
165.53283937315862
87.60017639389643
88.60769781017021
89.60089742326443
90.60112574249968
91.59187879364346
92.6092590916339
93.5920908881306
94.59653269277018
95.58584301860728
96.5910818693256
97.59168989890863
98.58093084382176
99.58333113937782
100.58398557864638
78.42199368135249
102.57568624389745
103.58266923031064
104.5818822077648
105.56531120537849
106.58883906748628
107.5803011410078
71.42430160192887
109.57562700768227
69.4288116249181
111.57979166203626
112.57292967635372
113.58379363115804
65.4285865058413
115.56177267800187
116.56197080801799
117.56844291273897
118.56139977480186
119.57084376457377
120.56244481900065
121.56192890986455
122.57689489960873
123.5497495846116
124.5585371982452
125.53961174509226
126.54941158867422
127.5637145156566
128.55289158345929
129.54089106653245
130.55415501625956
131.54961906648805
132.55503211020127
133.5459919861608
134.55965722516765
135.52924914508537
136.51565432506752
137.5487624455647
138.52789264544992
139.51859694948502
140.55298212562434
141.5207486709516
142.5101895254083
143.53767899084983
144.51652774880452
145.52771086773203
146.53244662605192
147.51584725140208
148.53914082312915
149.52307464877802
150.53354726537364
151.51414939815564
152.50874773382566
153.5279518371186
154.51970093268667
155.51552476565413
156.52583769270143
157.50917397150022
158.50365921030055
159.50839567124882
160.5036642197747
161.54889280759372
