12.330177769088461
11.326289454928009
10.32968670622861
9.31996970090319
89.12168533924222
88.11794361576229
87.11808179102444
86.11938584154582
85.11630924896046
84.10944074486483
83.11797220373427
82.11862703069814
81.11885945828328
80.11781589889418
79.10418530067227
78.1147541046826
77.11290957027506
76.12806478350684
75.14095641863096
74.12592641650443
73.13949057906204
72.11857522660917
71.12666925580002
70.14032750823199
69.120879619907
68.1249978892308
67.1330149795857
66.14230601037544
65.1348704572161
64.13765263905591
63.1336161226951
62.12561708318364
61.13370817312654
60.1405378049703
59.12922409277469
58.13402230639632
57.14453220551428
56.13749400740715
55.15401818080002
54.145895052582055
53.1447968610017
52.13235363488018
51.12740478852054
50.132647998437534
49.13562358893922
48.14591991135878
47.14580706752508
46.1287742168321
45.13661639709776
44.147797003374066
43.13501582847225
42.12469599863824
41.139743224693404
40.136075431588836
39.14987789649525
38.139896048201216
37.12591860407564
36.13023822882763
35.12898947960669
34.13044479258841
33.1222598190048
32.12825370447495
31.14440209660324
30.14606961106744
29.147624577816877
28.13221129625156
27.133725103567013
26.13115660924157
25.13840154080561
24.125792650606872
23.13613773787953
22.134421862339188
21.137996794222566
20.152892949438208
19.134992959022476
18.12676921909661
17.143940205891894
16.137515860472885
15.12092639035922
