112.44741122079785
111.4526840465336
110.45519404177865
109.44166703245118
172.52194363896757
173.51877154970697
174.5319630747581
175.50757129588285
176.4975069160959
177.52815947104057
178.53070503987476
179.44461057426489
179.44773292941906
178.4434469166905
177.4897148924598
176.47727461126186
175.47811465779628
174.49340456810606
173.464540317211
172.48198458440365
171.4917027251147
170.47196385481462
169.47485805628557
168.4970370365574
167.4859365140316
166.47453734347286
165.50406304920853
164.4997835240121
163.4439794873827
162.48786138523226
161.493124444136
160.4618234919765
159.48492542703278
158.49239650692985
157.45311350050181
156.4830675042969
155.49792962875418
154.46502410234407
153.4756148377099
152.48742734552886
151.46598730756963
150.47682777620912
149.50152247022191
148.46822051990864
147.4602755583188
146.5012085077516
145.47718479148884
144.48158086231385
143.5013779723925
142.48196151703164
141.48215661813614
140.48307390136415
139.492328981737
138.46866081051692
137.49310265740752
136.4732657342895
135.4585177605239
134.48715249857565
133.4769302818299
132.46564930061052
131.4821370490138
130.48761285048448
129.46715629389956
128.4747239355436
127.47159228753175
126.47981378919327
125.47269205857876
124.47165707444587
123.46442802825035
122.4652594444406
121.44701576491536
120.46110701554865
119.45913676335668
118.449951225151
117.45577481744662
116.4630680250653
115.46519214581114
114.46258235894571
113.46381871692937
