13.143072105146521
12.142048244059772
11.151131856489542
10.142999744244019
88.7040643902882
87.70972859442664
86.7253602495134
85.71328559269573
84.7075011167953
83.71067840540344
82.70922060226061
81.71261295652556
80.70374173148045
79.72245058536305
78.71041998758339
77.7113487149962
76.70981721163379
75.70913917680963
74.71015281856474
73.71244367535326
72.7151939761335
71.72009827558601
70.71589572989392
69.72011211147137
68.71993699786242
67.72482140225064
66.71788645289466
65.71540495329924
64.72150772311107
63.72228047264498
62.70881858343609
61.711747829100965
60.72512646902567
59.70357986718059
58.7192599829758
57.71156826416201
56.71238572788439
55.718547470142944
54.72015728727416
53.727722339212534
52.72602555058649
51.717624903548796
50.71661526767576
49.7119452767491
48.71179527557132
47.72216657097043
46.7177771472523
45.71803231647587
44.71405572077756
43.71601979580363
42.717437775576904
41.711776957901726
40.7299695868175
39.722623036323554
38.72129857576901
37.72562783631325
36.716643306662874
35.719725144733566
34.72973699746091
33.72747997036308
32.72395625458297
31.71268306918112
30.7157911620232
29.72167798176741
28.728258696545396
27.725105716369665
26.72406322778059
25.723549036915525
24.721390141636334
23.724094578619873
22.730722473871424
21.724399416878782
20.738212395603323
19.73712689909523
18.732912569836643
17.74323824617538
16.745430217240774
15.730679019452618
14.736630854571441
