162.86610136285026
163.8726392366311
164.8514643973309
165.8620940641681
87.94469489884082
88.95016159563141
89.94788836241229
90.93739504445821
91.94566529451099
92.94173612003183
93.9489628792878
94.9414055061579
95.93731505435035
96.93237509803892
97.93828337828316
98.93277869405794
99.9326528851563
100.93161182570967
101.91992343831517
102.92893886799862
103.93780103476607
104.92861202019868
105.92171613139904
106.9427244081505
107.94059244357143
108.9322596594461
109.92932231024541
110.91824810582405
111.92093155699958
112.93423391571339
113.9286412734641
114.92167687724198
115.92739845461107
116.92294501863454
117.92034760151486
118.92005645383175
119.90732974675203
120.91627312401971
121.91763068707493
122.92189667284248
123.92397385031077
124.91046253017339
125.93671317316696
126.91139494028953
127.9208417973393
128.9119996601213
129.9056733593498
130.9223605911323
131.91033654587
132.8962840599366
133.90977549821758
134.89837796583473
135.90729945918312
136.9057420157731
137.8944542862335
138.89468682960782
139.89738654953993
140.89961451511627
141.90379832453843
142.90295794475668
143.9045927707374
144.9040997804079
145.9052148942808
146.8895590439921
147.89660702628453
148.90389088814837
149.8929996238961
150.88481100090644
151.89526459353098
152.8870463609766
153.87626771621123
154.88502422191192
155.87533203338694
156.87289484167374
157.88819093935004
158.88013659760657
159.8814886268531
160.8848808603645
161.90368581493027
