162.83835507268452
163.83804059180588
164.8352381220757
165.83215878349554
87.91872077943448
88.93051556361412
89.92348168329492
90.91669147608312
91.91784923870956
92.9140874011603
93.91878232769616
94.915890398139
95.92330719971535
96.91977724268145
97.92871720157092
98.93043427007305
99.92312652767245
100.90479783071027
101.9049035461403
102.89972443144663
103.89898299529473
104.90990963066247
105.90544730477353
106.90013880853532
107.89379388070681
108.90145036167775
109.8957091947569
110.88231335206335
111.89271443885512
112.89274680948044
113.88227633188599
114.89816190083116
115.89325374665381
116.886701815894
117.89267459534379
118.8766232491064
119.87186361382689
120.88431423942714
121.88238332464546
122.87316281948014
123.87152511273614
124.85924285889165
125.87783144646139
126.87568177726804
127.86994075765784
128.86819493316858
129.86049118768014
130.86044582090219
131.8620187117391
132.86257873685022
133.8613399506587
134.86585505137123
135.86089143772776
136.85298563076208
137.84654915597082
138.85336107756058
139.85207644873051
140.84650915406903
141.84147005112627
142.84980503293377
143.84845935701588
144.85385301204514
145.84494564913877
146.83481041813567
147.83092822134134
148.8379889667273
149.83184930282357
150.84378023089013
151.83766162540624
152.845003785828
153.84750895371025
154.83361879085825
155.8237717481425
156.83314321087687
157.84012915898552
158.83470754103922
159.83711816082482
160.83722655600428
161.84982766508045
