14.711787164863127
13.712106730096938
12.713089683791965
11.71204511835095
90.54857226652516
89.54886783953944
88.5480944703832
87.54938627129705
86.54819258609027
85.55945340995446
84.55864683465867
83.55565639561222
82.55976703218538
81.55956357553406
80.56161658350577
79.5666894868037
78.57010178226649
77.56901310670352
76.57255989118393
75.57062071410716
74.56739537204211
73.56608170635678
72.56923977942596
71.58044042193794
70.56102888810713
69.57277279206183
68.57468221647778
67.58074919727798
66.57592689186367
65.57694144369594
64.57798310054305
63.58115470674374
62.58625561660925
61.580038700814754
60.577659221326115
59.58378287697326
58.5938703640715
57.58488045556483
56.5848177865552
55.59231331418874
54.588876654827935
53.573609997600755
52.57987622025793
51.59225092409713
50.58645004197414
49.59179507083635
48.58943584142111
47.593213812442436
46.593704007958046
45.59899120125417
44.601031302485545
43.599537037574805
42.59597938659852
41.594361262183995
40.60293916943967
39.58980861575022
38.59694274928045
37.59807480461487
36.605863664584916
35.60291702774865
34.59482878300422
33.5995308011799
32.59955514679223
31.608885210652243
30.602378599891942
29.604861199992623
28.606143251962184
27.60626697226863
26.60938424639661
25.601307425181073
24.605025154583135
23.60685085184218
22.607985996130903
21.607795256800884
20.60228058820453
19.60837564189292
18.605057250132706
17.60547774590671
16.604563631649853
