27.4549981084055
26.45193372663893
25.462169052630387
25.253429883896
87.9395664391295
88.94130509941088
89.9358455497651
90.94304023446755
91.92948420978834
92.94149464507083
93.94320375892717
94.93028419302397
95.93328424297125
96.94134048007771
97.93104265592008
98.90661459824484
99.92235533411194
100.91343106595706
101.92422294302065
102.91734741415077
103.91745030538966
104.90779237211515
105.91950678767844
106.91410934902777
107.89027247829954
108.91851948036155
109.89753149460543
110.90700418786857
111.9028613426362
112.89726489281318
113.89705534491125
114.90808282543799
115.89520970281585
116.88265408214446
117.8908471486082
118.88437025621461
119.88647820329682
120.88784195924532
121.87905802800613
122.87924982645772
123.8845340415515
124.87473915144751
125.85858325265386
126.87655279420471
127.86897715893097
128.87379499795668
129.86296670433887
130.86742194878272
131.8564331100031
132.87159003482347
133.86770793381737
134.8436325625172
135.84834574598477
136.84437797102498
137.8423729028645
138.8480702558675
139.85118410512254
140.84656001482227
141.8446385471759
142.84969026824686
143.83544481367863
144.84950986268348
145.83677811015258
146.85186080786028
147.83884483872464
148.85188767431777
149.83450916195358
150.8342959214984
151.82814316637604
152.83633127483725
153.82573505084986
154.82828804464341
155.82848927579016
156.8304556162255
157.80502083601135
158.82572620077323
159.83339270279063
160.83311507990206
161.82616688171416
