162.67892435818575
163.66480835938125
164.66222979882164
165.68237905412167
87.69944701548492
88.70660531568628
89.7154971684098
90.71913805098424
91.7022484191761
92.6998436438366
93.69054123460583
94.70349043244957
95.71484129567634
96.69880868877799
97.69762839323063
98.71298677813334
99.69635221298044
100.6838859656605
101.6823811921382
102.68912762832534
103.67736976361238
104.68292098112885
105.68697520642687
106.68715620986843
107.70157205418961
108.66892078017804
109.68567937028727
110.6808150877309
111.68186115788635
112.67671382742053
113.66877386808383
114.6702696667971
115.68401206574926
116.67767032915916
117.68558551197488
118.66495384325394
119.65198145954614
120.65430415065018
121.66593836067786
122.67442020297068
123.66528355827892
124.66250935702449
125.66511561189948
126.66929537418294
127.6628666096059
128.6486357383473
129.65196043248378
130.66653404585117
131.66018424744396
132.6601325155859
133.6539319191418
134.66466533564292
135.6624588808201
136.65024891137773
137.6489392567036
138.66023655458042
139.6464442482352
140.6560147653743
141.66345404117197
142.66303008394053
143.65932811829038
144.63533359718318
145.66129291501775
146.66439569974042
147.6374182330688
148.6466274985168
149.6395791990708
150.63143691700958
151.64378157418687
152.6469372483584
153.66447389588518
154.62996932620717
155.606369153358
156.64477166056042
157.65032672468178
158.62946144110853
159.64265033112522
160.64795256651288
161.66129403803217
