47.976323022537784
44.079818931734145
42.37160220059113
51.75583951328892
173.80325043189063
174.79873427615368
175.80929324062907
176.77298940118558
177.81685729621285
178.7441917100937
5.06437178982246
179.20613988283415
177.63724882359222
177.20120274525536
176.21486989418307
175.20830571998724
174.2179931334596
173.22572037855525
172.2442470744488
171.22979190648792
170.245022314825
169.24615680247763
168.23345234255171
167.2395983696505
166.2157959336771
165.23777480757417
164.2418709017798
163.2280696785943
162.2555596410154
161.24518388435908
160.2442486337764
159.23825053726387
158.23495042090457
157.22661148685154
156.2172235422238
155.21659835191392
154.2619321350123
153.24317813266347
152.24516786869683
151.23500783116899
150.23908717460355
149.2522412553832
148.24728675280346
147.2619694096686
146.2593525467255
145.24711134168936
144.2487328414098
143.2465345783211
142.24643909149472
141.24586122637038
140.224904237031
139.25316235739444
138.24180836407584
137.26325862713725
136.25475216362432
135.26108570802978
134.2562972644416
133.23419857462318
132.24540085059326
131.2731307314567
130.25179260820212
129.2669293328416
128.25250698782682
127.26798638494772
126.24831226270618
125.2517375828255
124.24213879291517
123.25838450024673
122.24956637934946
121.24673115729432
120.25844621141512
119.2539492316513
118.25243187498465
117.25623980793668
116.25417064295945
115.25255392187843
114.25836790202627
113.23854852433446
112.25426019978622
