162.63230986437588
163.63638429337885
164.61179821544306
165.6366090994749
87.66001366620213
88.67057483255417
89.68497742936285
90.67091898709491
91.65470156423626
92.6709821225622
93.66290817102205
94.67065260983676
95.66951140139405
96.6754903551479
97.67516026263203
98.67130503594346
99.6648202153879
100.6536462143047
101.65571755133045
102.66478776131794
103.65535593532194
104.65514772461826
105.66582668925122
106.65292579111463
107.67278264662107
108.65642139027506
109.6584225030649
110.64502438012504
111.64419558291728
112.65270625287206
113.64102266353936
114.63365532026056
115.6488179341937
116.64528374309921
117.64848623388667
118.63311666988189
119.6172787764086
120.6202381706017
121.63434963902816
122.6303313518403
123.62129318291684
124.63004107998441
125.63326198297901
126.6280156760414
127.62563985079606
128.61625024947668
129.6215201162472
130.6384273549794
131.61360805971424
132.62961338868436
133.64021093245648
134.62851588485933
135.62585210678643
136.61642894810063
137.59660820015125
138.60831821421152
139.61211445520837
140.59396109745663
141.61496798828733
142.60003551975976
143.61439609350325
144.6044606137583
145.6051021872533
146.60678322352595
147.59458882702233
148.60543643671014
149.59321668464284
150.58934346406014
151.60336252101658
152.59650981700645
153.61655829135924
154.6043739314117
155.57071428766076
156.59333647820628
157.6146268952557
158.59566906968683
159.59076860081652
160.5995068486162
161.5958273184825
