163.17428976991425
164.17043098882655
165.1853164837898
166.1691792096886
88.2822418151795
89.28558966729335
90.3037401849708
91.27568407793176
92.28317076662601
93.28095074868683
94.27810963142714
95.2763331966495
96.26817862902209
97.27824234009104
98.25195922332219
99.25430940032682
100.26295954632162
101.26733903403931
102.24863650289896
103.25116739387053
104.26653446270925
105.25547912414311
106.24344141428851
107.24470037591436
108.24156079092505
109.25066840602915
110.23981212003511
111.232316550312
112.23259693652923
113.24287001923145
114.23971555317073
115.2271251085601
116.23042384849722
117.24376965126109
118.2298649191288
119.22170081774506
120.2166755541758
121.23825853988997
122.21508622275267
123.20480253039813
124.20870641632558
125.22431091123792
126.2277690301085
127.20799950462647
128.22293950262343
129.21384490330158
130.20470283139844
131.2119753002889
132.20075587541803
133.18648594549117
134.19720909077031
135.18524968808995
136.2014105137201
137.18125650042214
138.18165156092016
139.17213817535153
140.18353486710694
141.17794684923217
142.1800893861152
143.19416767912972
144.19078098848354
145.1920873615773
146.18999744233892
147.17369377677514
148.1571619666724
149.18565455848062
150.18332526890035
151.19074156397178
27.79067228897986
153.17688413379128
154.15596950895417
155.16894102839882
156.15023589668675
157.15401645308825
158.16127265453403
159.13736446666798
160.16217731355673
161.16537433960923
162.18145860459433
