14.335372625538175
13.328969674212763
12.339381220233635
11.338930107135065
89.89316361906573
88.89306982554291
87.8981716066784
93.10603507687131
85.9013168647073
84.89657117865768
83.89379518712866
97.09350875249702
81.89364157751724
80.91024738502577
79.90505182370164
78.90199898928536
77.9044811673948
76.89117868467847
75.90712968297272
74.91124680705208
73.89950885822698
72.91088152509023
71.90988086399757
70.92078475563976
69.90531271258791
68.94638140377062
67.93013860066127
66.9299959351583
65.95605425266744
64.93363222627235
63.93155899544896
62.92916253411037
61.92534444162096
60.92704822797466
59.9091281581113
58.93958113856712
57.939480084428794
56.93848703646737
55.957948380491636
54.92344831854472
53.96530083382714
52.939122244822876
51.93845539682165
50.97897693220584
49.935885766742395
48.93976904276988
47.94888715369289
46.93553720745645
45.94626717689611
44.94220278358317
43.94378201160703
42.925040095598995
41.94749965575119
40.942387457322
39.93910646599954
38.93587048230167
37.93699017404948
36.94856898608683
35.95165982845095
34.96309781060607
33.956040396148644
32.949038255153155
31.95303825802023
30.951659785574243
29.94755809466215
28.94964421452808
27.945639142123195
26.95719459870792
25.944105873988605
24.947390756402314
23.93252860023978
22.939364638527966
21.918659512696678
20.926993201893936
19.999063354989364
18.958931070816355
17.96065099857776
16.940545538653854
16.00064620181628
