13.81143826123445
12.81072684354343
11.808161718147469
10.809705578288852
89.65964804457747
88.65236697634361
87.65823389681826
86.66098728255922
85.65968710912185
84.6680400013876
83.67193056043102
82.67176577306714
81.67295922784118
80.67066511076534
79.66991347425534
78.67005087363498
77.67039892109668
76.67483908181485
75.67680379263976
74.6791603554879
73.67226580665746
72.68066596914977
71.67559354767785
70.68512177196835
69.68221758789262
68.68587720547175
67.68988385497326
66.68993373430817
65.69053892868064
64.68429839561438
63.690024342105986
62.70049568433086
61.696366541095436
60.69753680121591
59.692261175530014
58.69211617652442
57.70498652171089
56.69519865594778
55.70352520429077
54.697785446307584
53.70280573350172
52.69886811728782
51.70205275594457
50.70216465969177
49.70145178029335
48.70769567484939
47.70515261897635
46.70295315813892
45.706217660344585
44.70554227034437
43.705465730316405
42.70370407623768
41.7046727026914
40.700706816877066
39.71144880369463
38.71039881293206
37.71396613001519
36.71378927603232
35.708087419531715
34.70806456302193
33.70929281277314
32.71308278965104
31.71602122033497
30.7162733263713
29.70962085633884
28.71229410957873
27.710340192461075
26.711180419826302
25.71289518073585
24.710409873101653
23.712885594167172
22.708319355798164
21.711407016755814
20.713944616030204
19.7113533057028
18.709637763323112
17.70733211528853
16.71371852008285
15.706801943751666
