22.063027312328064
21.06749604204649
20.08264724102267
19.06457331060951
98.8291161500932
97.83023878677298
96.8135009355321
95.82770059400002
94.83014588203298
93.83706640831281
92.82008396573349
91.82088942343269
90.82865630351519
89.83534836279992
88.84038610816887
87.83176014403006
86.84245911735528
85.83191009828101
84.85028316934036
83.85502325622257
82.85133568786293
81.84182809397478
80.85186217209525
79.84153923316946
78.84525709298883
77.83697405979423
76.84808994019383
75.8483904797763
74.8479817213479
73.8395293455265
72.84009056626854
71.84500209318439
70.84304055829224
69.83539834371234
68.8483169906918
67.84767112408927
66.85677953723173
65.8596958887511
64.85301882968741
63.84238193218895
62.84593533208265
61.84192059494583
60.85344422575045
59.86015432095288
58.853048115538876
57.85204298322296
56.85169234284833
55.857616074814345
54.85082457086968
53.8469416173928
52.860524666926956
51.84767784577858
50.858895957117554
49.859945691591946
48.86305490638633
47.860546793748654
46.89309890875139
45.84627905575799
44.84439419216053
43.840342892147675
42.84397502180361
41.851094049009845
40.85206582219436
39.85059912370456
38.8546552825512
37.844467858477714
36.85018327993642
35.849287806777994
34.85212717984968
33.84979492409242
32.84934292943676
31.850001414537463
30.850852598890196
29.856092446109987
28.84827884488322
27.85385591561746
26.860197462816625
25.847859097297018
24.853466125909804
