23.849933945068095
22.849024954577025
21.863430017702612
20.8533875146618
100.59983375076511
99.60807473940534
98.5972024397056
97.61441487647774
96.61775611377654
95.6153099362661
94.61641200525838
93.60528056390524
92.60580892973468
91.59751494759738
90.59490457608268
89.60077742976047
88.60622779505417
87.61759712248517
86.61325569035678
85.62679258620872
84.61239025616445
83.6257911321002
82.61177250531354
81.60746559351996
80.6094468936761
79.6205828662157
78.62156386636728
77.6119330278414
76.61804002936779
75.62336826636675
74.61723352281984
73.62231401575697
72.62492156973144
71.62980176665569
70.62418720412796
69.61818572259385
68.64721118004883
67.63684676378124
66.62158505195724
65.6185760714941
64.63114306668669
63.63132871864284
62.626322698808046
61.619504648478554
60.62883340442362
59.6428079334449
58.637298025599144
57.635354299038696
56.62131115949406
55.62712886058041
54.63369508411127
53.62471126813455
52.637055948218574
51.64635582830397
50.64190902533965
49.63284829002456
48.645607316152734
47.63796661942994
46.63623249002904
45.63770240305839
44.62365568559499
43.63671782852024
42.63882819768732
41.638585910338506
40.63693728301032
39.63253764038312
38.642872049787876
37.63635571606025
36.638584614607346
35.64695304012884
34.64582013177829
33.6357505212823
32.658328655722734
31.643617663721464
30.640416390730444
29.63909373863551
28.64276808129352
27.645996731961237
26.643177929622595
