161.34570910196683
162.30987830445855
163.3268921230031
164.3220601802262
86.38625577689832
87.39591041595837
88.3991909829901
89.38880937593201
90.3878593190132
91.38895661503773
92.39138424362385
93.38865396460436
94.39171109517198
95.37595320226866
96.39137794392687
97.38545913400515
98.37143557772738
99.36435653925561
100.37598624709142
101.38130493706288
102.38157559456646
103.36852529284981
104.38712189047773
105.36950358535509
106.37858044791925
107.37541498161218
108.37123537261311
109.3712423022218
110.36148944174167
111.37028728914993
112.36539299478342
113.35997442739206
114.3656667772596
115.35130128316054
116.36553826909567
117.3733492452219
118.3502258100048
119.34161425884881
120.36090635559847
121.35930176338779
122.35709267066865
123.36737525970942
124.3737079445089
125.34490853988893
126.34909845423738
127.34699597866069
128.35065630400368
129.35043468884248
130.35586693569232
131.3421312600715
132.35101875750894
133.3482289271354
134.3414753970225
135.33076426103503
136.33227934531624
137.33559404309233
138.3302394903491
139.33686727948484
140.33876802917067
141.33385724214543
142.3467608810215
143.32691116885704
144.31023869698856
145.3369693509817
146.3275469715052
147.3391855025442
148.33169634164014
149.32611312936373
150.33390471801195
151.311788177071
152.30975729882127
153.31687639465255
154.30023553445457
155.29846202415712
156.3063701634086
157.33862086970325
158.32389291177444
159.3199074390121
160.34197046366089
