25.643282112963274
24.650274090449514
23.65643163623272
22.65941134501946
102.38910784741647
101.39577723487001
100.4043789360247
99.40730185261367
98.39532463012124
97.40608352679273
96.41316595155322
95.401550718793
94.41474541220003
93.40162110392252
92.4056273001453
91.40076382500597
90.39938085579531
89.41545392127941
88.41972305469449
87.41959794733785
86.41523000019407
85.42344361334592
84.42627429689762
83.41006017433827
82.41836456951059
81.41610007685439
80.41831811693808
79.413196745444
78.41034990713281
77.43270694043267
76.42504172353091
75.42819774018099
74.42605567416513
73.42496589147687
72.43135360675657
71.43527971850615
70.4413886133477
69.43507412337709
68.43165599572197
67.43229410626469
66.44564832654095
65.43771450880247
64.41812750359479
63.42761543252138
62.427224647510705
61.441184053848566
60.438566685549574
59.42604974493393
58.434793657222606
57.436999903163304
56.435144493644046
55.42951266387012
54.43312225165549
53.426588432441704
52.4419665248251
51.44425039619544
50.43341137997361
49.43097569827031
48.45451158178881
47.44240233131524
46.439997710655945
45.45292472609223
44.45204140756748
43.445413381030384
42.454035357621805
41.452880110516816
40.44392137535307
39.44614696657968
38.45120893129695
37.450300350149504
36.44434083414937
35.44974706244947
34.452863225268246
33.44708139254122
32.450946621467686
31.452526896403555
30.454033237434412
29.446308622695295
28.45702217342867
