112.45679664735
111.45581621047185
110.45315527451915
109.45732592777932
172.5114815077347
173.5038500082971
174.5250413976794
175.5120369174265
176.50734850124684
177.52115967266218
178.52251036699542
179.45066926314323
179.45178923627154
178.43877035420073
177.50246730171304
176.4912250162342
175.4623961677904
174.49736399448685
173.48526948015686
172.46888371534754
171.48862642215582
170.50608998257397
169.49237759746345
168.47974882305877
167.50796328906276
166.4952576907898
165.48283097101762
164.4987753300319
163.5002330424558
162.49864905326075
161.47767353601213
160.4754518177531
159.51664464720187
158.5037052925961
157.4872677502822
156.49613378871425
155.51082311430164
154.47326984600213
153.49365721815346
152.52047382729336
151.49661449902752
150.48083491614395
149.50826080766603
148.5057298715472
147.47544437013482
146.48025510536522
145.49200779490195
144.49556346493927
143.47229144987284
142.48023193429094
141.49134250501052
140.473659276688
139.4959764026461
138.49934573901112
137.4820915529915
136.48946810273205
135.50180491873522
134.47691774470604
133.4820453935345
132.4954273414332
131.48679324587147
130.47113639600866
129.4901625568338
128.49492567243962
127.48102438465723
126.46972050207275
125.47749710706644
124.46987390954783
123.4568558820098
122.47501034849124
121.46425681464767
120.47007298974476
119.46878455025922
118.4698707226407
117.46250296709344
116.47002016280929
115.47887380743587
114.46300978507197
113.46107666569236
