162.59125923612766
163.54481130311171
164.50624009347513
165.60413398508186
87.60863751893798
88.62220372165078
89.60915815541568
90.6249821607089
91.61739773557598
91.42047009032085
93.57697158700437
94.62120358984492
95.6032390671331
96.62022159783659
97.6154231547508
98.62136966877978
99.59536159045096
100.59720484459993
101.61427011762667
102.60077642407529
103.60867037299958
104.62046366024587
105.61702273008522
106.59914103842065
107.62119801246935
108.60385205827009
108.13724793634596
110.50789956068843
111.6034219329451
112.6079508434077
113.60319664559198
114.58945981923705
115.60602386186707
116.58884776899491
117.58526092689446
118.61441781882867
119.60407761244115
120.58906557662965
121.59530299242333
122.58279588771413
123.60775555255479
124.57918635659746
125.57195106846173
126.567628307642
127.57681761256667
128.59518777475435
129.5997021216686
130.58044934045014
131.57256906467302
131.61885805182865
133.59560660303433
134.58619065061845
135.61230069793297
136.59151846356215
137.5819276367903
138.59943338218687
139.58776381404482
140.58909397360966
141.6094550140459
142.58377283512377
143.56920039432802
144.56438083835258
145.5879106402549
146.57880566478607
147.55388891631821
148.56636635726574
149.588755284811
150.55834016111396
151.55648402911723
152.57811156959662
153.58040582309914
154.59518467808533
155.58495384086063
156.58634344626523
155.94734964985705
158.50553633412113
159.56475666023508
160.55790526857513
161.59883152422952
