163.46553157881144
164.47118127620675
165.483040475363
166.4826093885382
88.54095652210297
89.52435528149546
90.53634241224084
91.54920304879214
92.5433258878177
93.5341763081633
94.54351321438472
95.54620961337693
96.5152195628482
97.51798072019851
98.51454187539755
99.52360150179383
100.52014016458166
101.51627004956252
102.52420635745692
103.5177838651325
104.51751895411569
105.5139792054237
106.50381683784903
107.49145187677875
108.50684220477666
109.50375454429549
110.51155439465418
111.50511669615942
112.51292587178246
113.49572090628186
114.49742833644456
115.50327562407746
116.5125772656834
117.49148812456048
118.49036924716312
119.4666489976034
120.47019225903405
121.47288261592881
122.47371661118379
123.5206989681445
124.55101002539122
125.50448436137823
126.50641010484543
127.49329136650366
128.50656334563317
129.49551549302362
130.4904346521029
131.4938980755933
132.49113815163665
133.4881667622904
134.49072151825058
135.47744420964491
136.46896545436113
137.47078199616104
138.47364173378227
139.4569719639487
140.48144746150803
141.4708997343949
142.47872362804176
143.48134986645707
144.4691428133605
145.47421365732026
146.48323140778925
147.4772709257049
148.48786716211362
149.47251043279613
150.4742707573858
151.47126299215861
152.46920264068171
153.46062767542819
154.47014384954377
155.4674068675008
156.47476473974933
157.45702695529832
158.45894514502817
159.48117832982666
160.46985835996938
161.47371309965334
162.4742096400479
