162.65717103476305
163.63692096867823
164.6426764582632
165.64885098319647
87.68745833975991
88.70104674544451
89.69658836431871
90.69088833825677
91.6891118038439
92.67542665602915
93.67498994228255
94.67969896643807
95.67822675889373
96.68514053382698
97.6799483555173
98.6826339220827
99.67470968141326
100.677685209
101.66856496246957
102.67749620009484
103.67289223545079
104.66602725362279
105.67653673621491
106.67155616790066
107.66838102070454
108.65753163748195
109.67045241576962
110.667706424532
111.66229691305199
112.66218032876252
113.65427802627863
114.65328120224312
115.65616442645803
116.63962850699609
117.64766057878312
118.66065733824881
119.62486123331236
120.65216917603986
121.66006132206971
122.6393390912739
123.63968523738033
124.65233405676267
125.6644544570179
126.65012725281245
127.64436486883976
128.628230071808
129.6315591276178
130.63901680602217
131.64835380462716
132.64509265769908
133.62326935322398
134.64018045606545
135.64746366861925
136.62392052571687
137.62039067135248
138.6473089758119
139.62781305329392
140.62929934274788
141.63847489964297
142.65357100953176
143.6373875450587
144.6435427467865
145.64382617821093
146.63399273873247
147.63192237101427
148.62075911777663
149.61366616789172
150.6247637649048
151.62146668631877
152.62975276272027
153.63199110170154
154.6131839564543
155.5818287910091
156.62032961902605
157.62530298335906
158.63034523790958
159.62843173004
160.63186873530944
161.65508000224187
