111.24648054816423
110.23701685312952
109.2684865395301
108.26892381512948
173.82266845918772
174.79766420040903
175.77186565125098
176.81530205713335
177.78630732223402
178.7482313291159
0.043901352948248554
179.13514899038668
178.17391444157852
177.20788764212847
176.16091920240754
175.19204002007714
174.21279737678668
173.23237218923563
172.20141558003104
171.22139889313635
9.77622759055503
169.21353112179565
168.1995627660647
167.20185777775464
166.20382761700475
165.22021689548134
164.2186083308427
163.2341514375572
162.2147835685277
161.23806550491818
160.2192035660011
159.22652997447352
158.20092917565748
157.21168530353023
156.21741268080214
155.2261509503668
154.23202078346208
153.24650375377186
152.23445477500832
151.22121293291593
150.22279146212918
149.2116333128389
148.21600877911925
147.21862998642038
146.24554044706696
145.23783244376781
144.24514989554262
143.23784559195323
142.23313601340783
141.2234241277982
140.21859587820788
139.2599676697022
138.238260148316
137.24196105555322
136.24521615842494
135.24086978553194
134.23963058869984
133.22717120544135
132.23614734588628
131.2308652546619
130.22876483786374
129.24461013943431
128.25101272914108
127.25874667992218
126.24240768583167
125.26669265538814
124.25625892260781
123.2546135658183
122.2609411729488
121.23649899781266
120.21692964304378
119.23949018349651
118.23642354639301
117.24927156939084
116.25110484228506
115.25587859939608
114.25026353641029
113.23105852291049
112.2352148125566
