161.3006371071593
162.30261569195807
163.3036392398904
164.29945936155184
86.36396747180686
87.36522101383801
88.37937785194778
89.35662152823129
90.3486858765971
91.35286862801549
92.36742698957087
93.36730927921046
94.35255613385104
95.35362929048054
96.36081299811936
97.36553602945894
98.35008372375803
99.36333858829981
100.34514188247677
101.34803494710575
102.36303663624656
103.36063495686977
104.36300066083734
105.3634049875356
106.36742144290429
107.34980903234049
108.3624249743258
109.34801173845553
110.35607801287024
111.35662637261309
112.3576823259805
113.36196698944795
114.36259596528727
115.36296345377603
116.35523544592641
117.35023580557836
118.33349263467407
119.35236345184707
120.34719725413164
121.34883884118393
122.35382774885622
123.35876302948621
124.36387996879557
125.34580829578724
126.3439221862811
127.33690480333989
128.33734890310814
129.35098007482927
130.34792427071932
131.34378240089438
132.3411274672144
133.33776141984643
134.33683614600403
135.3415900429413
136.31881210539837
137.3349494626821
138.3341401377536
139.3334538400755
140.33576919942533
141.336355083198
142.35185429076924
143.3362482614544
144.31639547336587
145.3264644372072
146.31682286421614
147.31777956678798
148.3292801445933
149.31564570930382
150.33514289535066
151.31937480239137
152.30197954847412
153.32007442123435
154.311914512747
155.31077505517763
156.33118036392278
157.33041441230918
158.31668174530228
159.3098840442368
160.31321901928868
