161.30451363430532
162.2963925977473
163.30011812737538
43.927958799997015
85.55140592474056
84.56210051184561
83.54819843200399
82.5482916482312
81.57204951030248
80.57216967920107
79.56245886095635
78.57071370362615
77.55802842406733
76.5599985782387
75.55368190966551
74.54666500626375
73.56069479062903
72.56438499154302
71.56736619831567
70.56403818503345
69.56689480302545
68.55277921290967
67.56205247275558
66.56875342539212
65.56243641037763
64.56750149826145
63.56818456135696
62.574674843697096
61.578508318025584
60.57378993988825
59.57643507885108
58.57571534941912
57.57612562904241
56.56528328894759
55.57082433387591
54.568401829601974
53.569635437035174
52.55613335589365
51.556844913262275
50.57015914567738
49.573101316843285
48.573005068028294
47.55507394724408
46.558158515321274
45.57124404129132
44.568407411092636
43.570750190078044
42.55605048347577
41.55388723603339
40.564446253226905
39.554484478455926
38.55833166957697
37.557765997743
36.5579571066461
35.55134202451455
34.56018142601247
33.54911488352921
32.5443021610235
31.55301338193444
30.54475471094664
29.539500106054078
28.552655880446025
27.539004376334532
26.553483370205033
25.561824876012537
24.542635313705315
23.53812251206416
22.54586254050813
21.542004172911703
20.52344312324631
19.531263263566803
18.534505925048574
17.536698973698904
16.53005408772535
15.529949083547736
14.527514066477258
13.522520103799577
12.525660912760305
11.51797876742731
