111.23969910109832
110.25021477759837
109.24156990172422
108.25426221338716
173.81414060059564
174.81105529288382
175.7962646897023
176.792528518605
177.81695651696876
178.77933675645963
2.5823393188063246
179.17921662949382
178.16553037037892
177.19156467416326
176.20840468202903
175.17914752430715
174.1673590939517
173.19117070794852
172.19642815863529
171.2086545967963
170.21535725880437
169.22266872582162
168.21403169323025
167.19305207682248
166.2084392725252
165.22963083128454
164.23270474422495
163.2322168052251
162.22353492811683
161.2143347759368
160.21740608811078
159.22348628621387
158.21739820306436
157.22567142545302
156.22308700658434
155.20392137905634
154.21257827926738
153.22803115228206
152.24739092265324
151.2365126092284
150.23719456333473
149.2210564435961
148.24073902998575
147.22950929525783
146.23344688293835
145.21226404241762
144.2209496768957
143.22943079319978
142.2397589366536
141.24213251376472
140.23731113977752
139.21828945445833
138.2296247890211
137.23040994731252
136.2232203992317
135.23641835634098
134.2356685693475
133.2668068283717
132.24100875316435
131.23559235168725
130.23117130202334
129.2642471725473
128.2465178087846
127.23327371579805
126.22412109145928
125.24045515652757
124.24624531175407
123.2365298413036
122.2402607582379
121.23399999743917
120.24669858435578
119.23308619468226
118.2444521855006
117.25204757717064
116.23184911615606
115.24441576576444
114.23421248271154
113.24110106598202
112.23175274014932
