112.45900469003222
111.44173689164126
110.45799490355111
109.45917134945888
172.53729141488964
173.53666072194338
174.5171361287943
175.52561638122856
176.52751520865095
177.52322585472396
178.5253674272446
179.54197461900677
179.45034505724433
178.4537063549004
177.50586013246988
176.48717537936258
175.49952186644856
174.46851930078154
173.48395003370103
172.47609700179365
171.47399705785244
170.48998024219492
169.49163283947635
168.4762601525096
167.4683188442282
166.47619130563692
165.49616518769517
164.4693952578735
163.4833523679979
162.48216168843578
161.47643668000887
160.49705422975413
159.47648648688605
158.49004697541218
157.48860734340525
156.5009772953452
155.48707692548393
154.47750119600732
153.48744907412743
152.49584084086138
151.48109450855443
150.48943118256483
149.50692601965565
148.50256135028798
147.48642918173678
146.4864942013697
145.5063770173761
144.48093502359922
143.4967223141246
142.48107855464073
141.47764184733614
140.48579924307893
139.48924497972274
138.47611131688012
137.48553537349164
136.48277016323766
135.4999026711004
134.48592431859637
133.4801746717738
132.45702643563916
131.4620047019012
130.45910132091444
129.47039361516772
128.46656219397772
127.46396131477094
126.45181920372464
125.45812048579293
124.45304769362163
123.46096318991542
122.4522039623583
121.46312882187607
120.45640007320634
119.46407696251018
118.46676768613487
117.44964166329797
116.46106190790789
115.45807256676207
114.4467580253381
113.453457160779
