162.87974181248086
163.8603635560917
164.88388180717592
165.87066851551535
87.9403681218012
88.9348183963646
89.94143887758102
90.93433220852931
91.93655451546239
92.93139138076448
93.94093264983262
94.93398267465176
95.92202486001906
96.93427623559342
97.9382024307384
98.93626288956577
99.9451536275085
100.9340637910339
101.91762400900981
102.92975432622315
103.9407872715348
104.9322990014161
105.93055967360392
106.93470073026363
107.93056486193237
108.93329384176074
109.91728009195977
110.91553957440716
111.91383336591697
112.93548938226829
113.915797221823
114.90785187430905
115.91919539788506
116.92089173441566
117.90056391887077
118.9076076128136
119.90196356780946
120.92108341064008
121.91234796822903
122.89924307241434
123.9094751049111
124.91310242116982
125.91396486320176
126.90313521503388
127.92225485263856
128.91096613654855
129.89817729622334
130.9124174395889
131.89788646969092
132.88888053655614
133.8973987445303
134.88179572463793
135.9084001859323
136.8979951559873
137.878719816318
138.88879716797283
139.887096984901
140.88190338977526
141.87876691269517
142.88993975723253
143.8943860851821
144.8947726544546
145.87340476230568
146.8773369918303
147.87905225862687
148.8959325005868
149.8735554451415
150.88419316389448
151.88680205241624
152.8857709978185
153.8744969550762
154.87743344186634
155.87229058466735
156.88445995900574
157.88908565320205
158.87131177848383
159.8749147289799
160.8824437649513
161.88676389141477
