27.457258653479514
26.45257535525262
25.46255681826651
1.8531461788879091
87.93396976939465
88.94323512759426
89.93409720236737
90.94460591825113
91.92816630615988
92.94383954767737
93.94221467334658
94.92906690484382
95.93281092661181
96.94146126247719
97.92717312154733
98.9080581358004
99.92108526980054
100.9121743337315
101.92377155263493
102.91667683351324
103.91622080716742
104.90840615113436
105.9188256731248
106.91338094929783
107.89128431705151
108.91703425416924
109.89591497512963
110.9068916843729
111.90246436777768
112.89883322163158
113.89625586600387
114.90714669371387
115.89615129345422
116.8819758560349
117.89173602065846
118.88592822581838
119.88671879301785
120.88737480767358
121.88013524715657
122.88138601352634
123.88695085587361
124.87515469633315
125.85836199587759
126.87680636616831
127.86893612983393
128.8748937816376
129.86405237260436
130.8687245057665
131.85887819074534
132.8725089079598
133.86576334828356
134.84337303142112
135.84664500214484
136.84359683230034
137.84070093640557
138.84927421798994
139.8511714231675
140.845238642978
141.8452238351559
142.84908771283975
143.8315230608908
144.8520775392242
145.83604208802976
146.8498953555569
147.83308870681708
148.85257416615545
149.83466852378675
150.8359417203648
151.834953910573
152.83781201774454
153.8285318173003
154.82959856221686
155.82498362574646
156.82838876764046
157.80659170043086
158.82361058766568
159.83270861403108
160.8289127205902
161.82808826198553
