111.24050562396971
110.24883660562922
109.23938561402282
108.25192047546864
173.8271067289738
174.80288443252724
175.77245342978847
176.8157150290836
177.78963067945756
178.7513058277869
0.04445605192686747
179.2270589021134
178.1697608641997
177.2051858937069
176.23113526314924
175.1833080429234
174.14481482717085
173.17217568716774
172.1926892852772
171.21527127781545
170.226210840019
169.2161199717821
168.2161816955313
167.18672714093842
166.1983609300476
165.22557412744214
164.23141314996806
163.2300857451521
162.22025042931895
161.21330936772844
160.2152131141542
159.22331046020722
158.2136924016014
157.22227465151715
156.2245621578359
155.20123048141355
154.21154668004914
153.22879016951438
152.24572256715544
151.23467037332642
150.23762289193616
149.21870238307358
148.2394461666867
147.22816379090557
146.2322055068106
145.2098515722682
144.22070998332046
143.224905700248
142.23879384339043
141.23896158866103
140.23492542450546
139.21708045890855
138.22695020572525
137.22782411785664
136.21924838085454
135.2365179913155
134.2362748850419
133.26392925770568
132.24024354282773
131.2323838927024
130.2290821867959
129.26334441921378
128.24673987896125
127.23131480096899
126.22104199744042
125.23876561605698
124.24462353636278
123.23507958838226
122.23897926368029
121.23403987297141
120.24478574092997
119.23098141487705
118.24121023317852
117.25020497648141
116.23205475596014
115.23965793815437
114.23212309352138
113.2392390953541
112.22866311427236
