162.67031723251185
163.66264519907804
164.65645652386226
165.68025829657626
87.69532947157651
88.70233777442714
89.71552118398228
90.7200343852476
91.70043602491677
92.69510934663758
93.68944176770937
94.70082865648644
95.71693635065297
96.69644954828487
97.69753130201752
98.71562050738586
99.6966815780659
100.68427342045665
101.68067891614061
102.69142688576706
103.6776704393324
104.68261943902695
105.68618741595763
106.68818911743269
107.70015621046423
108.67075626084795
109.68394386876636
110.6836637895461
111.68029318512735
112.67528795915149
113.66842801358898
114.67272790823763
115.6863769133522
116.67766654786806
117.68467815826224
118.66547476895073
119.6534106777387
120.6549475218396
121.6657946386177
122.67657195059498
123.66465776556902
124.6635945807458
125.66543711903047
126.66994866645456
127.66376572602222
128.65083268929794
129.65098844366818
130.66616441843684
131.65685391722454
132.6589540300298
133.65439401481402
134.66772412602418
135.65955998713
136.65248545363366
137.64821038911066
138.6581745181036
139.6452486364261
140.65640033454144
141.66138573450115
142.6626471258725
143.6576921838701
144.63721455571454
145.6620844004032
146.66294216056684
147.64005371010515
148.64679032602714
149.63717060206542
150.63431624556208
151.6457950256116
152.64829611918788
153.66966917244628
154.6347145730636
155.605036143331
156.64471319341243
157.64803890203706
158.62594459532656
159.63685380911483
160.6479228791226
161.66505884562642
