111.24985472941725
110.23951004391961
109.26843936364979
108.26801091858357
173.81008626020545
174.80258173079125
175.79788222992352
176.79447642390778
177.78807276169888
178.77225478601122
3.3638968064549344
179.1789532631054
178.19947707183704
177.1995819609958
176.1816801173011
175.21007555755912
174.2010637444204
173.217667644069
172.20981165707647
171.21362215592
9.776003365778251
169.21759721786054
168.19690789886766
167.20547661800663
166.21368510417207
165.22239369587913
164.21828290216874
163.23367052023755
162.21823666728667
161.23743632394817
160.22033935137432
159.22693607984343
158.20438326487567
157.2135843042282
156.21671798307295
155.22513706139137
154.23644663234325
153.246841431328
152.2347072480738
151.2256374903456
150.22251664516773
149.21438175863614
148.2202502783055
147.22043428122046
146.24848000053922
145.24056783699666
144.2489016228922
143.23643460414812
142.23512368535657
141.22398096208963
140.22002760616522
139.26091793957713
138.2381903358602
137.2450969402147
136.2462563146275
135.2442228181539
134.24144790959494
133.2285368566685
132.23989302913895
131.23068483767074
130.23040297350758
129.24575554895046
128.2519797279702
127.25901127644929
126.24498163464038
125.26833648967177
124.25874756160447
123.25485858053781
122.26448159280197
121.23781474045117
120.21868283237949
119.24030259630361
118.23524574256594
117.24880951256652
116.25133812360299
115.25914144453819
114.25178583796567
113.23397149720584
112.23936331088679
