14.116826961531169
13.13082232008711
12.129623936080215
11.12847443937102
90.90531494109614
89.8974114447156
88.88345421468725
87.91346779937977
86.90157965359595
85.91090223818635
84.92136605245071
83.93088257428586
82.89768799081071
81.91222043666524
80.91159836324353
79.90192312827548
78.91392156066283
77.92503063425849
76.91184147125244
75.91968880739567
105.07341411472454
106.0681839445051
72.9227284272285
71.91768549838636
70.89835269523255
69.91983993720778
68.91724803556131
67.9026662693783
66.91784191140054
65.91695686621287
64.91565427973964
63.93609618357513
62.93073253925657
61.9297757888274
60.933185479284425
59.935107411634135
58.943680675297244
57.93992048924974
56.932928610303826
55.9156234152769
54.91201221206714
53.910427575994554
52.90375720435994
51.91875082043531
50.92810288992231
49.93978430526169
48.921875490389425
47.92934132929151
46.91594511398932
45.93578173413451
44.9044193140144
43.914536692824946
42.90486558610996
41.93247215826422
40.92583201903419
39.924663106890534
38.92717475594439
37.927036638259956
36.944758775640175
35.9218813212662
34.91323333064998
33.93344547313933
32.92326965480434
31.93476773752619
30.927491466009624
29.936867998233122
28.923185541189152
27.928106724001367
26.93266392567636
25.926229866992262
24.931019532175075
23.91152247666793
22.932126886778295
21.917930446257493
20.92502448864663
19.90945294275325
18.903390194455465
17.917123450743617
16.89988112453637
