45.14808637549541
38.65905724770005
36.44968321637485
44.356093969142236
86.12157271663341
85.11386837357692
84.12006415204486
83.11727984752834
82.11250688822392
81.11966499135805
80.10809856020833
79.11307299234578
78.10477871155129
77.10091810362687
76.11254773508144
75.10882806815762
74.1091284835909
73.09327026521825
72.10548780095709
71.10821894891762
70.11251585448696
69.12004408266674
68.11161032459466
67.11161642178733
66.11613705717765
65.11485317137475
64.12427709095317
63.11600367657473
62.123496168597654
61.130728430595646
60.13349909960008
59.12890995382756
58.114630405965755
57.12784427056777
56.12143708117205
55.122799385653785
54.1484247156743
53.15514245994192
52.15146520330058
51.159467560267416
50.15448315797563
49.16136057408099
48.17738307927557
47.16383381356447
46.162577085584914
45.16505989346887
44.17347441453978
43.179848750219364
42.181895544138285
41.17309245139761
40.178479745243955
39.17956007819354
38.17740810919681
37.19486833347046
36.194119440733054
35.189434077206556
34.18852370587849
33.143784971724145
32.1975109784048
31.198012642065457
30.19314563333482
29.201484985606893
28.199925808384904
27.184142177975055
26.19810701576374
25.180683466151862
24.18707602641915
23.196962741884658
22.187459903483422
21.191391672886855
20.210731335076733
19.203075740407005
18.202590897566402
17.202965230975863
16.20078398254847
15.200307489900425
14.206572190199976
13.206661346945667
12.217177855754787
