10.525234238529258
9.551304188052683
8.530903964576732
7.533511693494388
87.3142411995286
86.30336381421118
85.29398754055357
84.30846247685731
83.32221542851805
82.3230521117151
81.33898761524081
80.32450849243577
79.31022194363831
78.32890044691973
77.33022144104798
76.32492929765938
75.3370198047659
74.33786216106682
73.33896273739319
72.33394931455295
71.33167724191514
70.33040854041137
69.32718842488434
68.32227389005563
67.32218362885807
66.34758817352916
65.33616703861213
64.33689804503278
63.343394161339454
62.33563911289372
61.335010973803
60.341922307943584
59.343045723316784
58.34020706919708
57.33758834752613
56.343145229997496
55.351399685616784
54.354789187650745
53.3494036229788
52.34038212152556
51.34672876163699
50.34144729213505
49.33188877714999
48.342445754332026
47.343550194653865
46.35168615560345
45.34355366212818
44.34080859517244
43.33959358931052
42.349245854045684
41.3395685639758
40.33649818310963
39.352270382868134
38.349805309768136
37.35688281119428
36.34325091606954
35.35137837355526
34.336787673493795
33.35037329161497
32.34697526928364
31.328250826577186
30.34533846067905
29.35101397401374
28.34729381020524
27.343026554400932
26.32956408994714
25.347276891266045
24.347401581327578
23.346215312060856
22.33440539806513
21.33195907856929
20.34671620666914
19.348564131325453
18.33906687003184
17.32583106976322
16.322250050537257
15.326015020722084
14.322167636841446
13.314562791213783
