162.50495309445196
163.49421143842775
164.51381236425877
165.51661314498472
87.58120791065197
88.5863627234511
89.58187672694743
90.5781298193987
91.58508589342917
92.56412915289874
93.59325445172908
94.57604640248908
95.56707837838067
96.57104472326543
97.56599568556946
98.57207953039887
99.56287418495182
100.5699884625176
101.5599436997341
102.56313731691972
103.56559368893375
104.54835434093675
105.58059245815129
106.55376659862173
107.59850487921972
108.55691063834313
109.54693526243635
110.58145095966808
111.55016296977556
112.5440363380543
113.54616671534748
114.5711361772229
115.55144013674197
116.5454358900572
117.53568128546291
118.52947946413924
119.55089132171739
120.5450084993962
121.54199450245247
122.54156457318403
123.52816527406348
124.52424144469761
125.56479934548999
126.51152070891676
127.55274421663762
128.5262650618654
129.5282021816623
130.533556546733
131.53443874373974
132.50901222306535
133.52647982303122
134.55920360352508
135.51772712764978
136.51919648612298
137.52995967366894
138.51193836264142
139.52347488481283
140.49733814453577
141.4945631701133
142.53010401204196
143.50134829141294
144.51476644342222
145.49759939731211
146.48627996559588
147.5168539916982
148.51423357495588
149.47968245117224
150.50101324182666
151.51240619147532
152.49848380828723
153.50500659237565
154.48450010304268
155.47797972180732
156.48287310126693
157.49872818923583
158.49420506644574
159.49625701243738
160.468558712546
161.4739133379694
