162.57596445044248
163.5982097956944
162.61437985343431
165.61202850101782
87.65453887973015
88.65305475517727
89.673943504325
90.6615939639323
91.65584289840172
92.65244382441837
93.64094162237649
94.6401480353776
95.65904827100587
96.63778236853972
97.66460237135145
98.64880786888348
99.65735479566764
100.67747671464156
101.63523854888389
102.6459216209097
103.64921592541279
104.66500846123277
105.64640849250382
106.6684677230861
107.67177574390718
108.6621683887224
109.63535518871076
110.64327504772655
111.64140896860344
112.63687041505555
113.62644400603088
114.6533481053592
115.62929499397121
116.6527373818543
117.62346334823381
118.62857740720554
119.64996753357592
120.6281494172814
121.6397995020193
122.64508138193003
123.61234342245824
124.64195412264735
125.6303320301673
126.62684843735697
127.62725269312604
128.6147696220513
129.63369418394814
130.64010625980777
131.6373788160754
132.62003278559956
133.60840520459675
134.64894472045734
135.6198321802311
136.6361426922373
137.60459627527794
138.61879764679747
139.64678342615207
140.60324032849527
141.63927424107854
142.63631214749205
143.59771847977066
144.66152882934833
145.60308039932613
146.64062740926298
147.608284673765
148.62829753537676
149.62856304992778
150.6280337669283
151.65719012474935
152.629274088285
153.61334882798567
154.62924950347144
155.59765334050124
156.59706447505138
157.59772049921077
158.62921725014087
159.60938618145425
160.6249195623354
161.59777031347096
