11.222055944337779
10.217161228904803
9.211370051338367
8.21870952602031
86.71857016045315
94.27617485161574
84.72710318740455
83.72438213531399
82.72715761664601
98.279922665994
80.70612448237553
79.70312667692684
101.28751048805351
77.76168731238303
76.76991882386804
75.74284830190292
105.24865163671711
73.69632717553051
72.76703652809213
108.2359092975454
70.78598967812209
69.79619463808474
68.76558435505652
67.77260761106837
66.7744710759373
65.77745638346059
64.77161414165846
63.76793214926541
62.774176198450135
118.2269447027112
60.78734084343874
59.77437634461752
58.78731590486688
57.776988084886085
56.77641318827896
55.7667546424071
54.779291245055745
53.76412421886964
52.77713215146425
51.77538646180663
50.77270061896321
49.72597472495835
48.73282612010627
47.75052272971503
46.75203701403856
134.24719832931356
44.75718259333994
43.73523191361692
42.735886746464566
41.73093282087272
139.24184886753582
39.757774147544524
38.75074229177007
37.75745095126358
143.22877090255824
35.76087429555505
34.75804735900171
33.755486289896616
32.77438022721674
31.758034250909883
149.22079179137904
29.762776385916155
28.762489094291972
27.767773774744228
26.77399010038757
154.22170737930938
24.773500597994705
23.768290175222408
22.75241022399915
21.76469122317058
20.76900990775237
19.76188348087549
18.75830181908546
17.760636239339647
16.758144394478087
15.777847875724365
14.776915870000247
13.766251982111193
12.77812024945611
