162.86303722952823
163.86982340617607
164.87546414418765
165.85547058758473
87.93414437914664
88.93964553548005
89.93016452236355
90.93833926017383
91.93843853463079
92.92582966320765
93.92756218175795
94.92711773599567
95.92257444119817
96.91737548332961
97.92638146878551
98.91932393623057
99.91420366522459
100.91812743506144
101.89781555714798
102.90006691499597
103.91783798812521
104.92452280836686
105.90879333360677
106.93092829659247
107.9196130431392
108.91358923054712
109.92485221397213
110.9052244749795
111.89940938599548
112.89851416657109
113.90090209023928
114.90212717406328
115.90474636917874
116.90862717771988
117.9072224296594
118.90378493415851
119.89341717831753
120.91422281583544
121.9113968270138
122.90859305264195
123.90218012159835
124.9096528583042
125.91099994977631
126.90451949605023
127.89057558517524
128.89343384859941
129.8893399628235
130.90474731097422
131.89148739430556
132.89833092263973
133.9038103443308
134.88663405291533
135.89926723362134
136.8867302611539
137.87122257572685
138.88797575896655
139.88451195315972
140.88521227056165
141.88855948035547
142.89404280978155
143.88963104071075
144.87606129307278
145.89042638899068
146.88293404259284
147.88022987463557
148.88712436400562
149.8872653150173
150.87821752779917
151.88272381502972
152.8775484815464
153.87694860053068
154.87824646849995
155.8669427024858
156.87613449423253
157.87949047129618
158.8725678616859
159.88015550557233
160.89635603119098
161.88714422063865
