161.31172120507208
162.29531360763707
163.30760447853544
164.29167060669
86.35995096109956
87.36964305671289
88.38110539938805
89.37292063397881
90.36155983372949
91.37383710169323
92.36808346091965
93.37127749079802
94.36797029761928
95.36628849216201
96.36137859429712
97.36314658408065
98.35987407628123
99.33984784982874
100.35360004979734
101.35436763309612
102.34431595875067
103.34464138910151
104.36585266725962
105.3579802864392
106.35396679919779
107.34647995312723
108.35353683709374
109.36062013750646
110.35163706291746
111.34725833205155
112.35797217759315
113.34286504297593
114.3461745287672
115.34060518356124
116.35014729271636
117.34967166277816
118.31727396110414
119.33781826338726
120.36738683086955
121.35927529843296
122.3336301342464
123.33029918706308
124.34738441096324
125.35123310909565
126.34214150534227
127.33160116027956
128.33737975096983
129.34035324470196
130.33603141914583
131.32441534075127
132.33895458804236
133.32840540164528
134.32326543138223
135.3091585300369
136.314342386881
137.32872342790805
138.31486688433722
139.32595954645157
140.3228582040123
141.31779452300697
142.32936590010507
143.33979966010614
144.33691126345073
145.31013309212753
146.32043001954509
147.33570653855858
148.3173893563367
149.32414172716022
150.3346390710641
151.31062157911546
152.31205908751585
153.32490815332056
154.30533557731928
155.30103652669322
156.31264990331871
157.34262963643786
158.3172269606512
159.3181931633625
160.32816439193937
