29.883032881224636
48.32550158696353
47.8827045321261
47.84534191709839
87.67834455202244
88.69227373957838
89.68442611365266
90.68139468527596
91.67783401393376
92.68169657224364
93.68129608359013
94.6953206266545
95.68668995256895
96.70212110748133
95.02744165091293
98.65975074597567
99.67311072957226
100.70343318339239
98.04737527552439
102.67623563008362
103.66971426408011
104.67792341894372
105.68525754044175
106.68550309073055
107.64696564789675
105.2268043265957
106.29585938763788
110.62987994612618
111.67785153103797
112.66342822061472
113.67780669305799
114.64814936944435
115.6553685663987
116.63713017140948
117.66975288319092
118.67698604531572
119.65046096049385
120.67349632306846
121.63193335516168
122.65996671419974
123.63790314584698
121.01598738991177
125.59791954806819
126.63168256885764
127.66066237670286
128.64658769783648
129.62323801922648
126.83054481009167
131.63592850433662
132.621134453407
133.63520368431168
132.54381146007438
132.0611058033164
136.578011907861
137.6066489393401
134.7444802073097
133.73085766033546
140.48613995321946
141.64705480063873
142.6306329537641
143.64428118828235
144.61203689340414
145.59698826734797
146.61095033308803
147.60756917243484
148.61146548094595
149.59729359329395
150.61644311078595
151.61700360273005
152.5792988985209
153.57111078787682
154.63893273363828
155.65191864784728
156.6031007516817
157.63882920135578
158.5980787070836
159.62728997457418
160.6371146875291
161.63452627389086
