162.87776600737257
163.86962119631784
164.88356498150264
28.945736437232135
95.22900112134674
94.21206506107828
93.23634417840317
92.2242427747664
91.21879397233809
90.2179153299254
89.23072304036343
88.22487273766738
87.22528994243802
86.24362976174142
94.76016190242004
84.24801543980364
83.23711462870445
82.23648036408773
81.23172217095907
80.23808965653218
79.23612121652829
78.23945034358741
77.24983737452864
76.23779899655707
75.24663979988698
74.24811307876871
106.74803345284457
72.2357452087363
71.24303071655423
70.24013422417734
69.24616603290575
68.24463879834127
67.2545200023308
66.25217480669384
65.25004928009002
64.24969808695116
63.241778952752846
62.25690765200638
61.24131804562278
60.2496641149489
59.257440591208635
58.253354675614695
57.266830187533735
56.25101345965086
55.25173432876934
54.24956217107734
53.252101277958865
52.24287287075922
51.246934843662565
50.261948220075716
49.259268339945585
48.26217490680779
47.26154832864649
46.26867779664038
45.26349549834582
44.26913646084926
43.25745894869362
42.265759445861306
41.28122757808602
40.2694430548208
39.27118274369263
38.271804412819755
37.26319226048779
36.26268789520838
35.261088996898955
34.26038914995931
33.264114460656096
32.27059492837431
31.266009801044504
30.2730999748583
29.257660739919263
28.262180073770264
27.252835742846283
26.26619838642997
25.261907752165225
24.265127696368477
23.275640278318566
22.270135308245848
21.27088891788685
