162.8874718270751
163.86635330199599
164.8966498914706
165.87993677056036
87.9431115050448
88.94636102145165
89.96304612501072
90.93833926017383
91.93559986041012
92.93236651003251
93.91994431791014
94.9456695015575
95.93472864968507
96.92905035969193
97.93580587460838
98.93189542711183
99.93114495476391
100.94896429035269
101.9261511494902
102.92267045290176
103.92750101124466
104.93233589286727
105.93087293991788
106.92884524443024
107.93742263092487
108.9256267959729
109.93067043165
110.923280256151
111.92459902802156
112.92833146658526
113.92093673817321
114.91188421145574
115.92393658687566
116.9194575500607
117.92169724236031
118.90704091528184
119.91035162754645
120.91342474763574
121.9153553756412
122.90712895739094
123.91260590674021
124.90841172468994
125.91767127307342
126.89933510958805
127.9167965309928
128.91399490691745
129.92039213998544
130.9139585012258
131.90233743987417
132.89821291688028
133.9062330006732
134.88666970944053
135.9174469947816
136.92156114002887
137.87149741716865
138.88797575896655
139.9035967177553
140.89550289154198
141.8898250761422
142.89150624707915
143.90402095072457
144.89269654926673
145.8881278487207
146.8847001023756
147.89389435136604
148.89721366990582
149.89072427680577
150.88650571168648
151.88761357039928
152.87889294386298
153.86319051850023
154.87038780506532
155.86933380020878
156.8861471649222
157.88507468424413
158.8826331789172
159.86409868386002
160.86224439968427
161.88348026279502
