23.84943730976826
22.84934950131979
21.863189392643427
20.852894760299574
100.5986752453253
99.60781233681205
98.59653346854341
97.60906148086549
96.61525158577922
95.61584297038424
94.6140510486442
93.60408738064996
92.6046562823605
91.59289224181975
90.59324534312235
89.59847682615654
88.60277352215516
87.6177826203146
86.6114512027329
85.62586353709398
84.61217094980147
83.62848353543421
82.60681381634048
81.60311904676904
80.61176978941815
79.61766970523831
78.6198115777995
77.61222373814377
76.61852619694628
75.62151892516104
74.6162329212715
73.61737789420843
72.62377076850333
71.62786281443486
70.62023334077844
69.61664024862179
68.646638924278
67.63523648692096
66.61782141195889
65.61875936760552
64.62997379119473
63.6293638031641
62.62512939696769
61.61604976987625
60.62817004405713
59.64123057950964
58.635870499559935
57.632890103656266
56.62081350315068
55.6250452836193
54.63177424345271
53.62353905862898
52.63533824366974
51.644031697545664
50.64070553970054
49.63223276820347
48.64469083470558
47.63663513928263
46.63604850540277
45.636411888733726
44.621445359914745
43.63319389300402
42.63666237723297
41.63622477605758
40.63555491312017
39.63065348771991
38.641897185573455
37.634122308690806
36.636331809560815
35.644697460513655
34.64508181297002
33.632790857775305
32.656210364870894
31.641393465294605
30.63939452104371
29.638930867181656
28.641414098814288
27.645305248907782
26.642567909166893
