12.555377354937464
11.560187733896525
10.557186710000227
9.561175005905541
88.13764410949857
92.87809490089612
86.12372334935772
85.12793453098966
84.1283467736166
83.13557703684228
82.13575031082156
81.13182275915673
80.12229619149707
79.12964820260423
78.11796047037657
77.12499844038751
76.13555277202491
75.12063590966092
74.12380135464578
73.13327065942272
72.1271060763479
71.13344461449473
109.86645243419314
69.12926603085337
111.86502612643032
67.12957065346211
66.11633166003902
65.11322511382727
64.13381964413539
116.85858739870346
62.12361308053191
61.13888904516232
60.13769104588144
59.147333427232304
58.14134717078242
57.14480940883881
56.13640683262169
55.13828905009103
54.13975565855299
53.119939363124345
52.135414227835454
51.132479677244135
50.14102249767803
49.13583876252852
131.8667907626772
47.13812503819758
46.135754726510996
45.13558262465526
44.14685663061839
43.14005654705229
42.13777085127637
41.13218942322543
40.129365426434
39.13110806470631
38.1332846015176
37.14120969292977
36.13109077548764
35.135904810784865
34.14079261220679
33.129448469845954
32.14659950964181
31.139285984960186
30.13787173384716
29.14474829365767
28.143175864311978
27.12731117626775
26.146364430558375
25.14822794212598
24.13865777552209
23.155446079465023
22.14749173815575
21.135280522845736
20.142401567115247
19.132516932336173
18.143995875074445
17.13575959975686
16.14352980106905
15.138231432429114
14.138033353116441
