72.73309460769063
73.73855536444673
74.74038739283529
75.73334867867233
1.0352674088122404
0.07836995637119933
0.988935984203336
1.977951119469407
2.976074459110033
3.9834737580414603
4.97079960888695
5.981681605720599
6.978028898005895
7.972670672836965
8.96983172912166
9.979921145744557
10.981759001676641
11.976751538421675
12.968279619313059
13.973008987650923
14.970841099286119
15.976611537086212
16.968783241627545
17.97895032895917
18.98941953774483
19.970947707841816
20.97333903828888
21.981572274791585
22.97687853082447
23.981841610369862
24.974762745500858
25.971891080528163
26.97558117871639
27.979605985205367
28.977272910657973
29.96465102723743
30.95717665451573
31.96536768553637
32.97723794606595
33.964757309560056
34.96673546561598
35.96978794876199
36.97781440457724
37.96874973752181
38.96018000261498
39.96139888036851
40.967418460884005
41.96793931098574
42.956963376520974
43.9636511425527
44.96952087750437
45.96746919414001
46.96540759638832
47.96604088998712
48.94916291574447
49.95996510159795
50.95450239789168
51.958415138625156
52.961239081817325
53.965773229195364
54.97196329111442
55.95600746614147
56.958374112048304
57.953328175071036
58.95347107804491
59.95688001965412
60.949753712226816
61.95782961578036
62.95772059733893
63.951871656118584
64.94902871648293
65.94472837314424
66.94661954176561
67.94837636414806
68.94524481392521
69.94283237465268
70.95229661206436
71.93931571650775
72.95733518831481
