162.88377482699636
163.87144801503555
164.8905690481162
165.89683153657737
87.93814903520725
88.94397687971924
89.957865716464
90.93764719233279
91.93951866688371
92.93225878155285
93.92410438340394
94.9474661053585
95.9356267679026
96.93037015782066
97.93556413095598
98.93176036888268
99.93004634434179
100.94692798429458
101.92606760505286
102.92129834919857
103.92752668746843
104.93228824385321
105.92992245692326
106.92961300975558
107.93805022679008
108.92391656952027
109.9308010726591
110.92431407149655
111.9238263932105
112.92781167161738
113.91849708556278
114.91249700202853
115.92285112563967
116.9193622825461
117.92320879574291
118.90597688312913
119.90936151739079
120.91583731055448
121.9151732157272
122.90913670538711
123.91161203359009
124.90772604117778
125.91665058082599
126.9006742029694
127.91550782415506
128.9163660457174
129.91938634757847
130.91647461574755
131.90477525686282
132.8959800898303
133.9060376049071
134.88722831965822
135.9183205101643
136.92215916551177
137.8724619448537
138.8885418844054
139.9041863950087
140.89337534337966
141.88897955967832
142.8924739697769
143.9022060573643
144.8919358982104
145.88500157153163
146.8826983475974
147.8928604320285
148.89718748211266
149.8937806603835
150.88774011524865
151.8862550420282
152.88189257101905
153.86573040221987
154.86800433655415
155.87056299058415
156.88691665015722
157.88442066035853
158.88389474252665
159.8649743808441
160.86253525753392
161.88350630161048
