17.309576786036477
16.30672573779861
164.63520254985042
165.695553311517
87.72585149855044
88.74806105939423
89.73412542390224
90.72942004639742
91.71732976146615
92.71248620996352
93.71982803868993
94.72209721317246
95.72852009679532
96.7217021675249
97.73521993167302
98.73489248663621
99.7246066134356
100.71277426660079
101.70543757237519
102.7066270410258
103.70838684721976
104.70827308103533
105.7165292645615
106.71167012395563
107.71311806609603
108.70125061110686
109.69171046750955
110.70406574725018
111.70051417402232
112.69170307147131
113.6993349939848
114.68761721317007
115.7048898080418
116.69399080399987
117.7128315521974
118.69608613818198
119.6791007536175
120.68128168260243
121.69811747697376
122.69176614277414
123.67745581892808
124.68953059402651
125.69618026871375
126.6844231620019
127.68897641156921
128.67783261095963
129.685153475959
130.69324319898598
131.68081904595667
132.67134664980387
133.68835654055644
134.6974858124804
135.67736861215187
136.6730164806547
137.67231999799256
138.6760026549242
139.6793801283027
140.6707055544482
141.67957271059197
142.68851515001427
143.69841319893771
144.67009966026893
145.69347024594555
146.6889653886585
147.68604478492145
148.68123303457662
149.6619867563596
150.6655067830851
151.6789720564789
152.65968048656282
153.67704289227623
154.67291204608
155.62896360759012
156.66519136122122
157.66101076913662
158.66165318776692
159.6790626748614
160.67235743273892
161.694912702059
