56.875685483276
31.96864160430684
51.68886901411082
15.382867423099901
172.5868892717639
173.5920084475615
174.6055837980649
175.5443971666737
176.53009012062043
177.53369385339104
178.53111848615737
179.35500947606678
0.5273512497667743
1.5344977829926303
2.508451848750569
176.4902178595405
175.495047024858
174.49883625838373
173.49724499589126
172.49863726560577
171.4974307768779
170.48035347812802
169.48664669014892
168.4934204246522
167.49237279608036
166.49078250266825
165.50617296318302
164.52554661755946
163.49231813451703
162.46720466189592
161.48219448896674
160.49828695339826
159.4942830098693
158.4940106555689
157.50678516265992
156.5236390520476
155.5196585887364
154.51901031597146
153.49309643214318
152.49144957273464
151.48534633445945
150.48893230588297
149.5025293470295
148.51490439229508
147.50499351685497
146.51906398860996
145.5162411605188
144.50943894524536
143.5054454978657
142.50774013238168
141.48482439137297
140.47966015807452
139.46530207957608
138.48181875524185
137.49577261145726
136.48803646405156
135.48561068604954
134.46797879441576
133.4696786564251
132.47740746430716
131.47470727665507
130.49114910179426
129.48812359234753
128.48867096173828
127.49873135411428
126.47623596655265
125.48505472861578
124.51346651021043
123.48116769769437
122.48494740898889
121.46307470554527
120.47429983062007
119.47625697178755
118.44868725239164
117.4493012219585
116.4550812627005
115.45343124905463
114.46667868883242
113.44770564661722
