162.49502561253834
163.4645978526682
164.52014236354026
162.507111749942
88.37127232947866
89.36378324743704
90.37660854997496
91.35573077528191
92.36848511281522
93.36398798798449
94.36348739550375
95.36953501436093
96.35628152875812
97.35127055092028
98.35613047203702
99.35499298060246
100.35975973995875
101.3615907013717
102.3298239111126
103.3425759318267
104.36377723356001
105.3508004176712
106.34158225826985
107.34122164419375
108.340280177146
109.34332034751267
110.330246924719
111.33598005654947
112.33584511022072
113.32894080561346
114.32961962554569
115.32606604711322
116.32686268207937
117.32017762973975
118.33030757450767
119.31446209018371
120.30732507391123
121.30992935514797
122.30373179837675
123.29360267326066
124.30661637348553
125.2957657481894
126.30410119937333
127.28542871706505
128.30345461359866
129.29844480340415
130.2942271788164
131.28301043649373
132.2832939557433
133.27570430685356
134.28562523101553
135.2720937282298
136.2919522718
137.2755808111272
138.2507349885896
139.27009580717106
140.2834769187014
141.270413452468
142.2800980769061
143.26703981180384
144.2720059839922
145.27199272848128
146.25556262014015
147.2605461332377
148.25168838581524
149.2537152924721
150.2598056252454
151.24412605047408
152.2527961952231
153.25539060770257
154.25059424164795
155.22928313375536
156.2320534576388
157.23110368360477
158.2276539777396
159.21817558770235
160.22087604638267
161.21627805063304
162.25682008877817
