12.910347126160175
11.908289800556487
10.909020830938305
9.90450874971066
88.76909686999052
87.76966475317072
86.76380221138578
85.77512884193962
84.77238745828389
83.7869238681578
82.78869364688104
81.77868200302187
80.77959975912823
79.78737008521675
78.78984283155114
77.78411995082153
76.78425486386661
75.79186717733491
74.8034267574872
73.79602975712446
72.79037537130009
71.79960965033753
70.79995432269035
69.79569797812685
68.79799806648869
67.80735113729037
66.80230169209081
65.8054586351522
64.80789978835689
63.804393681412094
62.802873875002675
61.806978599183964
60.80434354627601
59.80044383329606
58.809994420519615
57.81392425588511
56.813184914411686
55.81683673101856
54.81087907103227
53.81853452166437
52.811556846901595
51.81257830938682
50.81047966340598
49.81847250609461
48.820615382450086
47.823911261775095
46.82539516981718
45.817327780096846
44.81926542102468
43.8203273954812
42.81832828988265
41.81456050472872
40.82308805864936
39.81783002632834
38.82398646062116
37.82497094057916
36.818278148438424
35.81505888664786
34.816362413555005
146.15177062766787
32.81395846149463
31.817019469375992
30.820091142771258
29.829088024825925
28.821256961102037
27.82083732353785
26.82533050337878
25.82017093849211
24.8170463202953
23.81262064935109
22.81455487100039
21.817643976621373
20.8234715571195
19.816653538187968
18.810004902099266
17.81450038814124
16.81391853338662
15.804660975872308
14.810034170481805
