163.1978505738985
164.20371996562
165.21556893865812
166.2134944899179
88.33574659032672
89.32531640619976
90.35138142137365
91.32772095995543
92.31755572388317
93.32832814504921
94.3365760446955
95.3296052512325
96.3257370264289
97.32742915725832
98.32087805131215
99.31940574879893
100.31710214873245
101.31293000473096
102.30424634501829
103.31029042428514
104.32760727595611
105.31438070311533
106.30472736525321
107.30014229423483
108.30661903922835
109.30559329650667
110.29782640817274
111.28619121375384
112.28997996177102
113.29015572857405
114.28528464375573
115.29580795801762
116.28582578106011
117.29833373579658
118.28716160645162
119.2608086212117
120.26628129739166
121.27654567227505
122.26842230600273
123.26322522063998
124.27900207715427
125.26789353922278
126.27807054965449
127.25824917650063
128.26260491192167
129.25917649238343
130.26089511801388
131.2619059849148
132.25613424770586
133.2514445614498
134.2468365288113
135.23789606272288
136.25720245705793
137.25180470503645
138.23823117355084
139.2416347905786
140.23800075157237
141.2454460081025
142.2168812303733
143.22639433714951
144.23255242522862
145.2359034110755
146.23092105697816
147.22428766838425
148.22343705141816
149.2299115010874
150.21873522946768
151.22496670868557
152.22654889589356
153.22265310862613
154.22893371897126
155.20731710456008
156.19960728143167
157.19381643759507
158.21301361318913
159.1657182464591
160.21700376020956
161.21156238268236
162.2413421802997
