161.30200533100796
162.30344351330933
163.30236760907783
164.30042725980863
86.36524148379374
87.36692880555005
88.37879629934203
89.36014697076399
90.35204170166503
91.35253206386616
92.36417131494494
93.36714592590909
94.3528583303097
95.3545150476308
96.35981277039744
97.364959581697
98.35150475136174
99.36014495932504
100.34319354270633
101.34817409714452
102.36448847195298
103.36161290068442
104.36422342095916
105.36368960219218
106.36591879910874
107.34935733015577
108.36297069473459
109.34787400867847
110.35606095175429
111.35656852355083
112.35860658936703
113.36223395585901
114.35966840541302
115.3616932630206
116.35572448474453
117.35210915376364
118.3318136352215
119.35169578935297
120.34827300696199
121.35032107145338
122.35298315432883
123.35746581408392
124.36420075511087
125.34575673044193
126.34078240518679
127.33852882880275
128.3373426465162
129.34974525579722
130.34794832687479
131.34400900590043
132.34037651445104
133.33713885075795
134.33607003479324
135.3412176185743
136.31991425654425
137.3334780942814
138.33159024131555
139.3339002093134
140.33679849599767
141.3384888081262
142.35140381468847
143.33479968483024
144.31811502858173
145.32672043369783
146.31733355683744
147.32047152212957
148.33075773677183
149.31633154869508
150.3334099436562
151.3206005987471
152.30140969191885
153.3188250037211
154.30988007892176
155.3106757721915
156.33034257457803
157.32912288371438
158.3168723218908
159.3090800858959
160.31459286819458
