112.45637685591966
111.44315747700122
110.45803872204729
109.45769428902076
172.5445652179216
173.5423242474477
174.51058975751522
175.52336889756543
176.530693147838
177.519660181525
178.51201454252856
157.09685721868394
179.4537371425033
178.4732761013514
177.48491425467836
176.47257235354664
175.49274167006556
174.47350430031668
173.48208409442097
172.47328440494235
171.47003879595613
170.49052335041168
169.49120649632482
168.47720528883886
167.46871541054153
166.48042613902186
165.48854565061754
164.46610830190485
163.48203145393302
162.48268208008568
161.47391899110957
160.49448988492347
159.4801075260508
158.48701726101135
157.4875112910641
156.50133941906714
155.48741739986133
154.47891367820048
153.4851726667438
152.49400629246685
151.48043487681122
150.49040299514928
149.50524744488553
148.501130085112
147.48672964339764
146.48612471925364
145.5042278076589
144.4790754214104
143.49637365272338
142.47997519082705
141.47762347258967
140.48315004747386
139.48862842582005
138.47749340847682
137.48726566198738
136.4811092980776
135.49825318922288
134.4847275911877
133.4808037471715
132.4573479784381
131.460981861482
130.4573250151432
129.47204017434225
128.46351873746065
127.46166597874365
126.45462023038228
125.45696761400181
124.45232473737292
123.46149966691283
122.45010919613999
121.4630254434611
120.45856019174943
119.46377005031937
118.46579202636215
117.45036619175686
116.45774863824599
115.45680828246314
114.44554965030159
113.45224855461475
