12.9082866464035
11.907370550620906
10.908270075472984
9.904461024944508
88.7674733169511
87.76967028342295
86.76278743566085
85.77553574314959
84.7738923349363
83.78336347676603
82.78938284898526
81.77833768801365
80.77892771140799
79.78674697678392
78.78753118084046
77.78246419183786
76.7857732363269
75.7912760589441
74.8035625868787
73.79439327386515
72.79020868195482
71.79754505530384
70.80071443879275
69.79478520869924
68.79502635597885
67.80714690257254
66.80140948635182
65.80573806126979
64.80568958321464
63.80298295673868
62.80296932208309
61.805967432774644
60.80281526407125
59.80035779833737
58.809369433945676
57.81376907664714
56.812758667032774
55.816060154554165
54.81080291449961
53.817820417765745
52.81090911308144
51.81111290176472
50.80838252144729
49.81684045071713
48.820793540082065
47.82357046276834
46.825365916734604
45.81712554821417
44.81995682430011
43.8181700150145
42.81729113404187
41.81195262343926
40.822389878604454
39.81706897685979
38.82389172575554
37.823957546142296
36.81796786385677
35.81442183106451
34.815266867468516
146.15846061226173
32.81383095976006
31.81580933276837
30.818153748477883
29.82767012730726
28.820660904521873
27.820074966541963
26.82436934393992
25.820946110507727
24.81608151378061
23.812502773673973
22.814560884093215
21.816948629161907
20.822388303709545
19.816811875365264
18.809414405174774
17.814650223180642
16.813159623158796
15.80455211310705
14.808460027707147
