20.26908560666824
19.268791914988302
18.261719384651148
17.26450934661111
97.00906012907153
96.0193666832814
95.01115837394606
94.01773582588753
93.02317680970084
92.0290804022099
91.03831344134356
90.02289059144384
89.0298045443627
88.03004575517723
87.03838026784581
86.03205884007824
85.03413814515321
84.03669370787269
83.0428184217624
82.02893176592129
81.03393175773118
80.0272133668084
79.03862752470216
78.02749154189601
77.02526535529122
76.03083205248407
75.03721677149443
74.04615690114578
73.03674673166007
72.03752330088649
71.031874255403
70.05506300691466
69.04097850407426
68.04229028784094
67.04323155859971
66.04789855355575
65.04191177782735
64.05513064907139
63.038361313283254
62.04767519296194
61.03655775927125
60.04460024530523
59.021687426150315
58.05485150006356
57.05973528837133
56.060298507766824
55.06334029211295
54.04932942342794
53.05322706016188
52.052360846854754
51.05211000519102
50.05430346969165
49.056877533337634
48.060302027376466
47.061121479209234
46.06945451923911
45.05762070152082
44.060440777080196
43.05032876579776
42.057377233726676
41.03733912568271
40.050717918708735
39.04855750381963
38.06172561354709
37.06866666852111
36.05033432094222
35.053472348743
34.06370415724786
33.05826448351839
32.051800641912855
31.06068889836475
30.055691507914137
29.07182555036596
28.06778743820746
27.06587179181321
26.064012168237443
25.07233509769566
24.057884738371424
23.06558148954388
