162.87437350273294
163.87301992600644
164.89188799199945
5.243906908901861
95.23428428046283
94.21551375857007
93.24278569758984
92.22442723431024
91.22703350945861
90.21549197660445
89.22709633061743
88.22825978782954
87.2225872445715
86.24751106408877
94.75650622942972
84.25015638259357
83.2399933901594
82.23664632984196
81.23427016431448
80.24270827421495
79.23776503098397
78.24705262721905
77.25259079492525
76.2402172920901
75.25002397710718
74.25151316773484
106.74728126872998
72.23453526830548
71.24736503780277
70.24257059865124
69.2472279377526
68.24937985981668
67.25631792648042
66.25360523943378
65.2526287649159
64.25056099412146
63.24478300618753
62.26033647806342
61.24394453552369
60.25445989442167
59.25991590634401
58.255263464874744
57.27051990936096
56.2548509879001
55.256614035344384
54.253563206555604
53.25465873207435
52.24563537499657
51.25003144010145
50.26484544395737
49.260154018819854
48.26443219025819
47.26551555177825
46.27221640769448
45.26491713359038
44.2718708973384
43.25973556582163
42.2692789129994
41.28430859772108
40.271823517052354
39.27368970331964
38.27419722742399
37.2664583553576
36.264819818816704
35.26349988440181
34.2620184128348
33.26653398013658
32.2740739188588
31.267404922548373
30.275300219464384
29.258645383923934
28.265100152204305
27.25554512001162
26.2680158505105
25.264276993525915
24.267826304429807
23.27600339954813
22.272106206419917
21.273589847191836
