162.49433399189513
163.46331897068703
164.51827083748017
162.9103656146557
88.37239994769064
89.36056098774951
90.37768942215143
91.35871923147361
92.36652054959377
93.35650314653152
94.36543987974979
95.36968942123195
96.35465407877628
97.34937626524895
98.3547813318484
99.35145576097618
100.36170291426261
101.35863537331521
102.32926460976593
103.34533655676955
104.3632609609096
105.35035214315471
106.3424563898436
107.33985598798601
108.34019045798615
109.34372306967893
110.3292549054019
111.33759585112355
112.33748189257106
113.32842489983881
114.32928117741716
115.32828007842667
116.32692462491293
117.31982220528364
118.33033184808697
119.31439664418785
120.30801715611082
121.31074864637175
122.30415342529093
123.29124135700353
124.3061952554077
125.29417586979274
126.30253319638227
127.28353744242746
128.3022729291754
129.29712604220506
130.2936541481399
131.28263312192306
132.2833692711748
133.2755044939639
134.28511275729386
135.27011396592243
136.29054545789398
137.2744556196236
138.24911338683577
139.27091517821626
140.2842281393095
141.26836792472412
142.28187456624048
143.26628082982126
144.27058831401732
145.27310094892195
146.25662205615888
147.2624710261829
148.25247047972474
149.25149195766102
150.26036806025257
151.24171960714634
152.25211622059973
153.259515351379
154.24714003706796
155.23282420601393
156.22866034223642
157.22879384829793
158.23155476330845
159.22054033665813
160.2200523436068
161.20760424411233
162.25371535111455
