162.84242225823525
163.8167553859508
164.82460928743302
165.83636337125526
87.90680298585036
88.91023168345433
89.91286522823424
90.906776151946
91.89859595368875
92.8989119064644
93.90105026898209
94.9068128415419
95.90689828860486
96.89325854983127
97.90421146987171
98.89026875591848
99.9083717132782
100.89528073631391
101.88855390883968
102.89542373022636
103.87706657799208
104.88759305322877
105.89206086099574
106.87461449227507
107.89416646030253
108.87338511492501
109.87299977922329
110.8918399459854
111.88125223248652
112.8768691026841
113.88171233398874
114.86783798433028
115.86973727011568
116.86489551963302
117.8658273391881
118.86553705173006
119.83944174122873
120.85430913986029
121.85799044693627
122.85443272777079
123.84688028817573
124.84627253144136
125.84499329428078
126.86016784476476
127.84161767857138
128.83520086856132
129.83967438186585
130.8441886312278
131.85043937215198
132.8245290339865
133.84470236411786
134.85285066508064
135.83907737373238
136.83807426201247
137.83064018905864
138.83685472675617
139.83617755699615
140.8284607691452
141.83400607081379
142.8294857548744
143.8442577113505
144.8272639076127
145.83177534377006
146.84291259593596
147.82245187089418
148.83146367862267
149.8283732146794
150.81973631435952
151.81550138438143
152.82131962982967
153.82646155693308
154.8309916746843
155.8094592428031
156.81243439245327
157.8267954037805
158.823265357067
159.80995734979817
160.8274190385019
161.84179421732875
