162.87179121562542
163.8619620829813
164.87317176476523
165.86013241470224
87.93221300993373
88.93930396504065
89.93090389805447
90.93612206781111
91.93971412689781
92.9261264135389
93.92759701733661
94.9261592254174
95.92460165582118
96.91925195499596
97.92603233889072
98.91954576432131
99.9143880771738
100.91866517471016
101.89947716594992
102.90101810118153
103.91764314868561
104.9247079419299
105.90930790272606
106.93021515816815
107.92012757267557
108.91433688069147
109.92574053423431
110.9039730308779
111.89937945808883
112.89760389603792
113.90253252936814
114.90250306219298
115.90410064564666
116.90867218089389
117.9069134702175
118.90589070424714
119.89479216008846
120.91473107177025
121.91242860430631
122.90974909105739
123.902808869761
124.90738439494854
125.91124876884571
126.90299604477471
127.88929799822571
128.89334299882083
129.8900290702295
130.90197802429483
131.88888315887465
132.90113280140437
133.90202174224527
134.88841574699518
135.89934180794074
136.88645330447426
137.8713780916547
138.88731007222583
139.88434568598132
140.88429896605103
141.88631617586202
142.89535600075126
143.8920693666828
144.87988398553378
145.8879726262838
146.88270114430236
147.8809298491221
148.88537869692615
149.88575531904286
150.8759286569489
151.88332258652264
152.8785314318547
153.8771669909138
154.87467906480077
155.86773953427172
156.87534121927058
157.88137269065106
158.8786428535086
159.87519936636346
160.88990052793866
161.88890338608556
