162.86589640339804
163.85737389968298
164.8618995203698
165.87347770107164
87.94397821278476
88.94801159933915
89.94974105833123
90.94116440690144
91.9432793142154
92.94005577396763
93.94822211054209
94.94157944114365
95.93603041311327
96.93518029220893
97.94033454454895
98.93174545622729
99.93564346633003
100.93164661612202
101.91836301072168
102.92775898090606
103.93680925163959
104.92738858753769
105.92037922384979
106.94270753108798
107.93922102362859
108.93089367518868
109.92874212049301
110.91864066717473
111.92110707155953
112.93403046952292
113.9292423360866
114.92129134207288
115.92715296554053
116.92200016388948
117.91933597188147
118.92047265990183
119.90777139984803
120.91678665085927
121.91686632147635
122.9211823415552
123.92391374520035
124.91252806823067
125.9381229590782
126.91263480745454
127.9194942373974
128.9120881394747
129.90879612319142
130.92310991084048
131.91074877752098
132.8945770548103
133.90973199593932
134.8989598288038
135.9063831793234
136.90827045363218
137.89410782289218
138.8924677335844
139.89739654656728
140.90122583220028
141.90206127003898
142.90149557714375
143.90852978401557
144.9042707982461
145.9047941452271
146.8894660709386
147.89595690414708
148.90351227900015
149.89203607526673
150.88788355113246
151.89702607689645
152.8880873423661
153.87572350837615
154.88676264384134
155.8771135213128
156.87264875088846
157.88681673165794
158.88243407832243
159.8791904209098
160.88792526253633
161.90247677088811
