46.89372299748314
58.40657788883896
62.72103427396047
53.592570445412534
87.51788915647104
86.55459099281762
85.51512445769862
84.51991323421429
83.53625887876007
82.54959719776717
81.5638713085887
80.56386677002115
79.57683435380785
78.5695842899823
77.55974901382858
76.53662365761333
75.51670532864352
74.52497829433487
73.53357730880316
72.53470201402416
71.52601370760055
70.53187239322897
69.54923238236088
68.53087055077849
67.53010786911318
66.54470258057206
65.52471927223733
64.54172328882622
63.532499463261075
62.53452323650756
61.52857003813944
60.546571405050145
59.54789169286983
58.54725369276912
57.545876307022795
56.55355943053235
55.559178366885945
54.552587119834875
53.54672920919546
52.542093518895555
51.55918734209807
50.5446460080726
49.542118795417345
48.54992335420485
47.55735065141574
46.56402755879296
45.556896272795704
44.54716895538453
43.55045767327513
42.54697721241007
41.545094285029506
40.56301069603333
39.55009802463879
38.556495551889014
37.555944971122074
36.54859205963659
35.54365237145053
34.553287489280066
33.54518761343911
32.55095400853251
31.54038553290653
30.55902518145102
29.543100670145748
28.556198489616314
27.552281304397976
26.549813173762143
25.54437806362874
24.545544359284406
23.548897334575678
22.534556877714984
21.551941536431205
20.541480225693846
19.56589590345786
18.556373467266983
17.551878104290005
16.54478833829906
15.550007551216348
14.551541559968209
13.54086310020835
