162.8169009259639
163.82639543519184
164.83251068966945
165.82675651832085
87.91246658220007
88.91598672935469
89.91488774602085
90.91985934663576
91.90713100081035
92.91382372398793
93.90731463703885
94.91009616959256
95.90653510659361
96.8955091603422
97.91098370947941
98.89551316501212
99.89830841372664
100.89632012850414
101.89835313792639
102.90069984031537
103.89609407894365
104.89161689055757
105.89804569360781
106.89829827701253
107.88480417944587
108.88470143210117
109.87599882893747
110.8760276192358
111.86997845626964
112.88673394851907
113.87567892496884
114.87682654303595
115.87629955663826
116.87711850638632
117.87261044009387
118.87395192878304
119.87219085472933
120.86720075155351
121.85844133962517
122.86448675916175
123.8512682608816
124.86671489594625
125.86726013039359
126.85984533248659
127.8584833719844
128.8501215921751
129.8525024008955
130.84707021742315
131.84427294046003
132.84238470566086
133.84908316219122
134.8478592061013
135.8424601931142
136.8406373110373
137.84985073350003
138.8304847373594
139.83420558829891
140.8301239327958
141.83634631293327
142.83973567072627
143.84033574470996
144.83782951821888
145.83523916738474
146.8449378652488
147.835369755205
148.8334545304032
149.83540421970326
150.8214404695686
151.82913091612713
152.829492324102
153.82027031547022
154.8221848722296
155.82184738107736
156.82039758861362
157.81776290794505
158.81354899924392
159.81887772044686
160.82084784272078
161.83106396664041
