13.73825589442543
12.726893048768536
11.739829104758229
10.739327083259077
89.30448579298648
88.30418672374489
87.29872714888377
86.31382777058822
85.32073768346459
84.30969722276528
83.31443281231752
82.32015271922363
81.30786950103524
80.30917576103076
79.31604831181788
78.3002426166866
77.3147963123006
76.32523500497201
75.31868605103735
74.30770819213751
73.31697071342269
72.30601266659669
71.32155575110272
70.31222002363354
69.30074299717039
68.3176852515735
67.3162400858732
66.30543620477616
65.31651936482206
64.31199003093789
63.29913062790532
62.3114677954908
61.31106221738977
60.30019670607711
59.31563136215843
58.31698640787819
57.33463396522786
56.32961502821445
55.30118250615581
54.31070783887313
53.316272350568745
52.32281362405315
51.294369011792064
50.31435528147956
49.31793982204883
48.33668320657102
47.331308421665746
46.32274448513761
45.31950892291285
44.32265568627457
43.31656980819519
42.31400022958099
41.3219297871971
40.32660084910397
39.347670344941776
38.32669359101379
37.3358603115116
36.331087299912866
35.32092047235354
34.32360206247651
33.323194108844746
32.31982584792521
31.323427678072708
30.335500963044097
29.333007422559362
28.336091738320217
27.337485786698824
26.334168879176783
25.32580868320266
24.327619819949874
23.335335302952732
22.33669556979643
21.341127949897757
20.34072963925257
19.323545251621148
18.328890088406357
17.330719737340903
16.335954148406337
15.321597335298517
