25.646348083383522
24.650707690287714
23.657440962570615
22.66069238345149
102.39007154458352
101.39683780784328
100.40355214098757
99.40611571334075
98.39683791002523
97.40584367577439
96.41122922158095
95.40093952357665
94.41451110671626
93.40251068967126
92.4051466651356
91.39979924766473
90.39784497288079
89.41638854805068
88.42117109347383
87.42173115277046
86.41569289296615
85.42074301086299
84.42689390881509
83.40930277523863
82.4161748447129
81.41764047571984
80.41836361144921
79.41375567560651
78.41167485018595
77.43318827907854
76.42422160861815
75.42874057707947
74.42536563059451
73.42534223710848
72.43143095442431
71.43592096458102
70.44171971573165
69.43541236362015
68.43122336591256
67.43355878260517
66.4455141891965
65.43847501525514
64.41945702067724
63.42647631045984
62.42873763258972
61.44120180905749
60.4378627715568
59.42537115455847
58.43631527750819
57.436204617299936
56.434557995105266
55.42957388701345
54.433472899245025
53.42684496179075
52.442532063805785
51.44423541261018
50.433098308344185
49.43166637903512
48.45445100775015
47.44262986738501
46.439742159228146
45.45272854673638
44.452600266006534
43.444190761701144
42.45355870522473
41.452712097785124
40.443317746378526
39.445638551609335
38.45050396315579
37.449511244946244
36.44262912696419
35.448726190963804
34.45173887668325
33.44729350320917
32.450171529915686
31.451496971490577
30.452335170689835
29.44424100248969
28.45549648166703
