161.3108114838213
162.29558704303844
163.30723219426224
164.29346636983718
86.36104529789014
87.36780431746048
88.37885984580923
89.37448821240898
90.36497881753954
91.37421149699999
92.37084131663994
93.37315366120087
94.3674734778317
95.36629243890471
96.36111663562029
97.36403299805497
98.35971044600085
99.33966445713696
100.35369522085769
101.35718200470711
102.34456902139381
103.34491385618236
104.36600125683908
105.35870241760777
106.35294437801574
107.34816736992381
108.35519507646144
109.3622082122876
110.35093003485902
111.34719138264057
112.35798184226886
113.34245290782175
114.34793608730432
115.34411763894607
116.34827460413067
117.34990701221678
118.31822588842508
119.33761859695002
120.37085881995786
121.35863924276194
122.33273438794436
123.32962078209592
124.34641203684684
125.35197810097777
126.34157355274482
127.33256327369604
128.3377443553257
129.33879414223455
130.3367451833853
131.32321650530247
132.337599497728
133.32861975105325
134.32298895703613
135.309680602581
136.31411048292438
137.32893018473322
138.31499090677738
139.32537915442856
140.32300267118694
141.31992954772574
142.32778991270038
143.3368520445582
144.33622509395673
145.30894863191926
146.31981980854366
147.3375665160283
148.3155279769503
149.3249110426672
150.33782041443303
151.31156928492885
152.3135018610893
153.32068210218702
154.30609583469115
155.29902895395523
156.3128066748565
157.34380164241145
158.3218789577861
159.31722959057313
160.32881729943665
