162.6175477540745
163.58810172204713
164.56389566912733
165.70297153041525
87.96949202501274
88.98116452480365
89.97357233633713
90.96382477139768
91.96365753405196
92.97855067564981
93.95805722583815
94.97286078403714
95.9742713152412
96.95731478532917
97.96128226270272
98.93996462595452
99.95620014597901
100.94791356301081
101.95549687059281
102.94873615978466
103.95142602223935
104.94481302540167
105.94535430368958
106.95785188005995
107.95093453375887
108.95224120525833
109.9592806712793
110.95676238972791
111.94682315200917
112.95186663216448
113.94132895164002
114.92828195042304
115.95473800420359
116.93241375971758
117.94809069754284
118.93022881271446
119.94268091559155
120.93618934980853
121.93242039228531
122.94122342329021
123.94041126471008
124.9439562215144
125.92404526702558
126.93461140359688
127.93324411227773
128.93315261557413
129.91318051528918
130.93683154356458
131.9180483436285
132.9008376208648
133.91017597766208
134.90126502933722
135.91089489421415
136.89874390252388
137.90934131849696
138.9018027450162
139.90240888361504
140.9141853241162
141.90788193819031
142.90197162838223
143.89724939429132
144.90735916639915
145.89301989525586
146.90713784720117
147.9027320886832
148.9040125253879
149.8933710421488
150.87529997940504
151.88680933877197
152.87030393169272
153.88617980938815
154.88495227584522
155.88886786280224
156.88173480700857
157.8742790893261
158.89293434415052
159.87807363355293
160.88428773618463
161.86292859008617
