47.37355262137355
43.28126858511241
42.47157715567398
51.86227182478638
173.81630753835356
174.7904633606607
175.81631427826207
176.80004152957883
177.79357997631703
178.74801990465923
0.04206582805149035
179.22763233773907
178.17351853014583
177.20550558672926
176.23079467347276
175.19223794996097
174.21419756481046
173.23802152774994
172.25020812395934
171.22067634844055
170.24529325907017
169.2442304771778
168.23091854590663
167.23542437318324
166.2083303532869
165.24031936037636
164.2420664797368
163.22822177474512
162.25363340757733
161.24424007845926
160.24471656757072
159.23761818632494
158.23049604616222
157.22738039403004
156.21514910493033
155.21813945712216
154.2564832999004
153.23894541868327
152.24311943903325
151.23332051457348
150.23842837276771
149.24811556983374
148.2447158760054
147.2544657757458
146.25586577216353
145.24496597684552
144.24384607439376
143.24631260694946
142.24543544176734
141.24393680657622
140.22638952142597
139.25318156959514
138.24128987775345
137.26267674577585
136.25269684582832
135.25888707993644
134.2542309405685
133.2309486947732
132.2444222940962
131.27161658749105
130.247621485758
129.26660785354673
128.25252471314226
127.26503826010057
126.24774063573739
125.24843122578338
124.24093216145191
123.25492702901185
122.24670689250951
121.24573738423567
120.2577855072881
119.25063704240578
118.25098132603216
117.2562292615794
116.25366035657167
115.25251105443978
114.25889340807757
113.23529313008241
112.25388856694384
