45.929395842576625
40.81674333913692
38.79512666065395
47.23193420149762
86.12641589982495
85.11972274380855
84.12508258951999
83.1214191965165
82.11688807083463
81.1238159847186
80.1135810474805
79.11782114381447
78.10954786797441
77.10598378589724
76.11582725083176
75.11321000181016
74.11506068705864
73.09824418108334
72.11011021214952
71.11219285696245
70.11664229601172
69.12369871436259
68.1169016168102
67.11587992577269
66.11962780752619
65.12020179359797
64.12834563921292
63.12108361566881
62.12772404085547
61.13523513857564
60.13847397643159
59.13337190008655
58.11956316585922
57.132249468823055
56.126813853913205
55.128631382668516
54.15313487819717
53.159089208363355
52.15589770801353
51.1643800471658
50.15883769691903
49.1659762689573
48.180098896548856
47.16807686059267
46.16653425179374
45.16930644642738
44.177338725784026
43.1827805658614
42.186465181557125
41.17635174702111
40.18183279760003
39.18326809540123
38.18133574528077
37.197723350347985
36.19724402341612
35.1928411138497
34.192967617324854
33.1485970036865
32.20152877176608
31.201693990397434
30.195216166272687
29.205597774089348
28.2038457347571
27.186969642929128
26.202155898563603
25.18386509701433
24.190809948630665
23.200136159022502
22.19054595977474
21.19455625684906
20.214846983354427
19.206547561366513
18.205829718925543
17.206306582301206
16.20385464763585
15.204286307394796
14.21019902095735
13.209635165692823
12.220554255496229
