163.4994930645917
164.48834667903324
165.50662672072056
166.49918255898731
88.54796846138129
90.44521007097555
90.55841660210662
91.53747468421162
92.52600652071932
93.54327574528648
94.56230980230667
95.55911959660342
96.53904444467841
97.54085350701814
98.53208232626044
99.54140714529993
100.54980331594668
101.53343662143274
102.53089644769719
103.53549626331584
104.54332044746884
105.52051303792521
106.52676075472525
107.52841448645724
108.51712743767669
109.53035853163338
110.52880369202566
111.5060389615066
112.51791764753916
113.53676193066579
114.51807162800353
115.51758936989057
116.51727166122257
117.5246018072151
118.5216713471107
60.48180586137362
120.49650959454205
121.50867040785721
122.51007542825943
123.4955738182484
124.4943163150308
125.50382854887641
126.50539823747687
127.49550870121227
128.48813778577187
129.4969788523573
130.4988935728868
131.4976407691183
132.49483231289514
133.48558980313004
134.49843573036625
135.4912736591983
136.50032226581877
137.49948156120138
138.47471414558737
139.48195402379895
140.49084809447237
141.47049337505814
142.46867950861287
143.4870716032715
144.48256535598298
145.4704521201516
146.48187572762035
147.46675694964262
148.465859000707
149.47595120815143
150.4685845754912
151.47142403907168
152.48774800800118
153.4879742700672
154.47688430502473
155.45725428188805
156.45873316877064
157.4715724792791
158.48637364866897
159.48437105514776
160.48476577882144
161.48349360470388
162.50211003448317
