162.81430400205494
163.82517667644146
164.82769350530828
165.79303252765004
87.9178316385307
88.91774135343967
89.91411474510275
90.91491802402865
91.8838952244224
92.90442724931754
93.90070870075708
94.89824690075837
95.90550338380608
96.9003719461586
97.89691440436097
98.89562634803127
99.89105352097059
100.90260000434871
101.89508868191122
102.89000461470256
103.88466256347093
104.89430088653205
105.8951415995041
106.88697166085092
107.89161943303465
108.88335733983817
109.8808443293709
110.8832246580213
111.88205195596287
112.88676988300922
113.87146109391617
114.87926054072733
115.8787133136576
116.87136479889466
117.8653932839323
118.87176269652258
119.86006020440102
120.84059296530256
121.86133256235874
122.85748091651816
123.86668941805858
124.86394592774279
125.84887785990827
126.85965929638556
127.86174840945904
128.85404642308856
129.8441290937174
130.85518621942046
131.8529300675277
132.85102091534705
133.84776366167577
134.84049797368954
135.85275390909536
136.84287174713495
137.84349693441672
138.8298257550308
139.83638417089728
140.8415782846238
141.84184758508005
142.83474150349898
143.83753996393327
144.83492339057628
145.82952422875587
146.8326447708522
147.81162801894882
148.83150651444038
149.82939131561005
150.83869647469183
151.83555474227546
152.81925043505802
153.8308055232796
154.83090943499099
155.8222796197924
156.8321616923738
157.8271873857398
158.8337512777724
159.8135292648505
160.83396581558196
161.82590597590092
