163.4684891519143
164.47892626662704
165.4735223220114
166.47367861655954
88.53544911276944
89.52911056467323
90.5332271027929
91.52501697041959
92.53143266708571
93.53594225488264
94.53469317856542
95.53021984298084
96.52956716944094
97.53156746684351
98.52896424459024
99.52361375182628
100.52645754590954
101.52851918095139
102.54810911208479
103.50587470107966
104.52283554841888
105.51388003097895
106.50583364199903
107.50826018673106
108.51879715710047
109.52429830197654
110.50467614872471
111.48872695343253
112.48596253556181
113.50215894652122
114.50701158600248
115.49487459970514
116.51071606139234
117.51795054044797
118.51526556776732
119.51722731817249
120.51548760754729
121.51579317093166
122.5123235706807
123.50644341108772
124.51022737983585
125.51538786536614
126.51009855239617
127.49738018700181
128.51887409267508
129.51400545743962
130.5119774055007
131.5098998889322
132.50902072946295
133.51367985361074
134.50320228871794
135.4977081942571
136.50028778296596
137.5155377038314
138.50724288671208
139.50174361677978
140.51264868070768
141.50867159350574
142.5045053471168
143.4859403377626
144.48741476370088
145.495814752325
146.4890139379754
147.4824296937972
148.49118888415467
149.49290154848035
150.49863315051405
151.4882619410921
152.49511870860667
153.49280769091504
154.48533944387938
155.4820633032594
156.48017383025925
157.4867736929445
158.48399606460393
159.4667720235452
160.48491890002398
161.47837563670564
162.48776969669916
