10.52435745444993
9.5491513596535
8.52885403858936
7.534189554363396
87.31297568351886
86.30042314720608
85.28987985337005
84.30737678749527
83.31859506050392
82.32084368405062
81.3370083738964
80.32199457497593
79.30926724861793
78.32802959214466
77.32952940289091
76.32020626015813
75.33369977448805
74.33554198071114
73.33842872660075
72.33227405367636
71.33004197319194
70.328941508637
69.3245208485032
68.32083162580807
67.3194791058034
66.34376052234795
65.33394703219255
64.33522245118674
63.342236716087385
62.333070796600474
61.33252145212583
60.34133229212462
59.340895804345664
58.33929146746031
57.334940264314845
56.34076682670713
55.349656569840306
54.352176939044085
53.34776999596199
52.3400336484461
51.34577596978057
50.33962547351047
49.33079000899573
48.34057472082631
47.34225258766642
46.34930283505783
45.342561669650856
44.33902678636507
43.33678948812951
42.347696858565236
41.3385296387779
40.33388889186626
39.34922577629594
38.34771773788697
37.3547419918335
36.34046086272739
35.349376718741496
34.33439494747471
33.34757150588013
32.345154778676246
31.325984937312743
30.342653542463278
29.346425213354113
28.345494438138612
27.34270577233655
26.327630398055675
25.34518988809605
24.34606688269568
23.34555628022517
22.33238510037298
21.330333656641475
20.345345231006696
19.34736352012578
18.336513756941567
17.324674585641876
16.319382453851727
15.325542987078975
14.31975736212836
13.313271884760074
