47.433709685249
44.333101373848635
43.18306945529288
45.35237285805879
91.63952954090807
89.36377342013229
90.36527142768716
91.36413105531047
87.62596218433578
93.38135061510818
94.38755861925478
95.3884540316133
96.39713199351979
97.39341848673065
98.40636222880181
99.40302000888371
100.40998821386049
101.41828857926058
102.41528169803634
103.41952244899508
104.41838575531824
105.41850220696932
106.43242220014208
72.56706528543546
108.44214271823397
109.43408455138592
110.43821933318846
111.43132429662839
67.56757286214605
66.56440693878385
65.55604521958347
64.55748369489196
116.44993879241085
62.540845249125404
61.54505909758593
119.45443123798817
120.44947764817383
121.44850063596763
122.44944304283538
123.44800452920488
124.45813620657698
125.45882320439118
126.44544405957181
127.45280954206186
128.4569578651179
129.44874873617488
130.45813100911897
131.45091831416116
132.44823847483846
133.44636455808435
134.4471521063973
135.4511385467873
43.51819308078827
137.44927728434772
138.45931328774125
139.45213068518953
140.45244808388117
38.52236772871592
142.4591824853125
143.4596129470082
144.44864316595016
34.52901401868191
146.45426777386453
147.4461739176807
148.45632572065566
149.45760934519006
150.44569536154998
151.45222033243058
152.46064696261644
153.44737740830476
154.4571902659627
155.45171941627788
156.4471161143719
157.44634496880207
158.45020512846133
159.45595064525747
160.44907327346016
161.4614096243798
162.46144507997585
