14.11728891066237
13.130896392461228
12.129537044939887
11.130885126132391
90.91333795412208
89.90883418770737
88.88971164905762
87.92009463576592
86.9090085454234
85.91488469593904
84.9288105948624
83.93853540085753
82.90643327806984
81.92166338886585
80.92047404523359
79.91151069852589
78.92220789118961
77.93238611237994
76.91877457025069
75.92594138126279
105.07179450808327
106.07066828863759
72.92963740285317
71.92568772113268
70.90662609632012
69.92748462196612
68.92352787280693
67.90969338758174
66.92552988934722
65.92262254792702
64.92027147380868
63.939136996829625
62.93577950186296
61.93502839733911
60.93618102753311
59.93798785457167
58.94710618919227
57.94330699681591
56.93525226431821
55.91996640029275
54.91366870423416
53.914251701157035
52.90747481445034
51.9215219315117
50.93116935937866
49.94201111731714
48.92522364059679
47.93178734708013
46.92002053769614
45.93880143702562
44.90756807287598
43.91741585453327
42.90608352145791
41.934129308545614
40.925426186974136
39.92471088694434
38.928594006536585
37.92780104972759
36.945161870844856
35.92327211270285
34.913878329162415
33.93437285870817
32.92363048340073
31.937027502608004
30.92721838891625
29.936989328174796
28.924183594013687
27.92762500693577
26.933287162260235
25.926492047932467
24.932010574822154
23.911951213352268
22.93280865182593
21.918525246203455
20.925213243504214
19.9100352364334
18.904143954793867
17.9173204908261
16.899808933303234
