162.53757669494493
163.57907923210306
164.53817194726005
165.52702079275545
87.61440222483425
88.60571121380029
89.61514880481651
90.61322610237181
91.60975654503629
92.60195384618915
93.60551876227888
94.59529386511377
95.60881747265962
96.61245924066625
97.61473392022297
98.60404256764613
99.60056789465222
100.60707472868573
101.59015468848747
102.60165505433136
103.58678386877055
104.59743104475288
105.59530051053949
106.6041132265107
107.6031421845709
108.59211973011553
109.5791286988178
110.59174499608835
111.59519972863993
112.59097580808944
113.57166292359875
114.58141788539686
115.58211209832636
116.57064377927725
117.56693066223814
118.58544914057944
119.57926456887486
120.58394398791587
121.60872396131154
122.56136231616246
123.55503703227356
124.55402661864909
125.55889741779929
126.5760025544444
127.55340140697746
128.57090556187617
129.55134855864014
130.57921364799017
131.56831575796116
132.5462197296949
133.5762175572869
134.5356149422638
135.54757914790363
136.55089854306627
137.561650463526
138.5884088492243
139.55614872765779
140.5455508389419
141.55926244087442
142.55107925054315
143.54636037501854
144.5586035325512
145.51484509558
146.53615502083235
147.53988133062774
148.53687798860568
149.53572119126804
150.55123634650968
151.55022666227725
152.52920747178482
153.52220678474055
154.54771004794642
155.55332371605553
156.54943352877612
157.53802747216224
158.5528649259446
159.5556339528693
160.5361734490849
161.55063869544878
