85.47051756912765
84.42645807265154
83.41615619416024
82.4309499250751
160.4654755685269
159.46867612358162
158.43896368748054
157.46321911866005
156.4513817632715
155.45288948230248
154.4653131406463
153.47315382333986
152.5029500395614
151.44589959889518
150.42936952758672
149.42888687863564
148.44983431168237
147.47463305372696
146.43213570919326
145.44801741339558
144.44981318922552
143.44279919293066
142.4303615922825
141.44166825080555
140.46248229880092
139.45001096428553
138.4235882869733
137.4825560501889
136.43802172548126
135.45615762698353
134.44863548704845
133.44309196650588
132.45514591825034
131.45628825442563
130.43569350510697
129.41681932392058
128.42162766571752
127.42363728200118
126.42173938607283
125.42621538660322
124.44500374058939
123.4454033190209
122.44507099969374
121.40145815713502
120.44730023960783
119.4096035708735
118.45899776922505
117.43629782928794
116.4539005971464
115.44511078691062
114.48165917131374
113.45682829023586
112.47027106236577
111.46386325966205
110.44195014669471
109.46388525138411
108.44355193628536
107.4334522762506
106.45333911615869
105.43530376333423
104.42189607723594
103.43084942112432
102.4569046937409
101.42055515457481
100.4355829403493
99.40966388284322
98.45059232884176
97.45428762321664
96.43941806272241
95.4534787703236
94.48815399897862
93.49250036810537
92.46450760185583
91.46463409557049
90.4580037920663
89.44290046041812
88.41657271984892
87.4781164414317
86.4624890423036
