106.23783834674296
107.22260005189102
108.23442569882711
109.19298948881415
32.37655648070985
33.3789196534992
34.417756326845186
35.41280811434878
36.428608496332544
37.43706983540166
38.4481310231177
39.40434979801805
40.41181334947184
41.39915237378227
42.45383812163154
43.387994555439846
44.38414686525363
45.34897840855381
46.37597411440782
47.38025058782017
48.3852825051303
49.388417589087005
50.363232268273045
51.42782314547154
52.37504067779708
53.39631008882269
54.379417854816424
55.397748447857694
56.424835047762976
57.35120441224461
58.393133206100394
59.365716115672186
60.37942759901662
61.38917168823723
62.40306712089292
63.352698978431945
64.40864171023863
65.41803924451544
66.36845570511309
67.43045605911455
68.3726018267546
69.36650199190242
70.3333316238965
71.34673471246114
72.3271386858516
73.37045034368762
74.34590949975922
75.40566836717902
76.30086818809353
77.39394295695678
78.3712226378117
79.35104973424873
80.35313509092533
81.36321805150828
82.36834660354539
83.41732333255476
84.39173593529621
85.3681616000617
86.37158868085527
87.35065758384813
88.3926436943767
89.35503928928925
90.36663083317875
91.37266565029725
92.40386376973389
93.38751592115156
94.34225283426305
95.38712320032664
96.39370471406119
97.40588698119228
98.40722800425486
99.39470332915515
100.37173796285218
101.43210418805045
102.39065824731657
103.37642257242375
104.37126332090126
105.38557886131544
106.4419198518506
