150.0802499903802
149.12747112113024
148.0909921883172
147.1406270298577
134.45024409136334
135.4695308086689
136.43750623901764
137.3892370598683
138.52919029936703
139.8500451419629
140.2629759052538
141.28683907727554
142.2905516001005
143.36297609203453
144.32497029615118
146.25653550065007
146.12471383492883
147.1245966971544
148.1926414598437
149.11037208187946
150.18869506071667
152.4257593973535
152.01413392928526
152.97231745971328
153.97782190760964
154.98182932294472
156.06372228410447
157.85644719727873
157.85963336316158
158.882750359407
159.84301303638424
160.8730598458858
161.98578908304395
164.6951678657592
162.89831816034996
163.98286986741857
165.8278879175011
166.77269605667908
167.8434625557519
170.9055012373123
169.70091085337168
170.69613952669434
171.7567578156859
4.27897833713205
173.7214650515762
175.8921226719624
3.103351134668285
176.59919248647714
0.1349616359473568
0.9019805284483903
1.480692954048108
1.8622125298887064
2.786915852253194
174.75922597634244
173.68782632862533
172.69456536445182
171.87627591424288
167.5486706097237
166.59969430012546
168.77791945107006
167.84056886185277
166.78435543879303
165.84760526973642
167.10507109880794
160.8174065335624
162.78349152695043
161.7570603498689
160.76850781703578
159.92715280709308
159.02792496658617
157.82698507714105
156.81799723430726
155.82389951257906
154.78560894331358
153.78216986912088
155.19486279985247
151.84401903858554
150.80382094246505
149.8700724327331
