116.34512051930255
117.32831659946585
118.33957382794667
119.35067777635157
42.57223742031746
43.55392853717769
44.56258477648433
45.56937187114402
46.56718354316538
47.55327057517953
48.55134096059209
49.53815705493207
50.540651318256415
51.551524048080886
52.57731820901645
53.55944807491707
54.544884943340385
55.55249164066885
56.55477013442837
57.57280840167858
58.577492618015185
59.56982078779889
60.54957695516476
61.569916705955535
62.56447661762999
63.558957787315286
64.55040506453756
65.5799118880746
66.55156111525142
67.5555276292227
68.55512294796156
69.54230909219008
70.57853692426812
71.55258821911316
72.55243372900964
73.5515236288308
74.5428885394936
75.55184514112915
76.5810953838541
77.56434679640388
78.54381679642721
79.55638150920474
80.5537588122759
81.56202192265928
82.5434034073099
83.55368591888406
84.56169345105612
85.54620290559471
86.53855189685609
87.54204596669643
88.567469918348
89.56427275200646
90.5614519478897
91.54479306020396
92.5306609469817
93.57071905754393
94.57219997327213
95.54876000782201
96.54356831153191
97.53436630613663
98.52071649825882
99.52392843953132
100.53770386972165
101.52539392645348
102.53442697014586
103.5231340603468
104.53071548001945
105.52510966822305
106.53260154135299
107.531285374254
108.53234373372021
109.51619486547312
110.52761550515126
111.52619381653618
112.54606719700135
113.52400172404838
114.53233435691003
115.51978625013689
116.51278573210965
