135.13734195178336
134.15764152851693
133.1275124936657
132.10741552812433
149.6833286801477
150.69464168370126
151.67008770991478
152.63759862339643
153.61100483964464
154.5876877115844
155.67922616256283
156.63142813012996
20.921117262505508
158.6329835822231
159.5748716361332
160.5814354646635
161.5601211104516
162.54911688158109
163.55241963455325
164.56179816026534
165.47580341945513
166.50785415702097
167.4969663689629
168.40155952216824
169.50414209792717
170.5144263367396
171.5446550003821
172.41222763295906
173.41603586086927
174.5034163780472
175.44884591245912
0.7357204606765213
1.375402105355907
2.063368931463032
1.3913654461746117
0.6792398954157554
175.50981196646327
174.54846957996307
173.56547592705437
172.76249847984036
171.79260427947267
170.73064042768874
169.76316427383713
168.8054138129958
167.7547023700844
166.87418508210405
166.07447039257426
165.0069338789639
164.06022502221484
162.98639632753236
161.98029033954452
161.14810212520254
160.25027621795195
159.18517459976266
158.23407933937568
157.23388561535455
156.20741377948914
155.47032159394047
154.4829714452662
153.43985135047595
152.4243560868061
151.48918452711456
150.39467273976422
149.58207361131576
148.66513762959644
147.7520386448331
146.66673445080448
145.67140734733482
144.63539884459007
143.8522700600843
142.90985209738864
141.88421450988275
140.89945049910082
139.8761450369784
138.88701259312342
137.8773674859113
136.89688165610002
135.90425699499937
134.89208153491055
