85.3460639992465
87.64371508663535
85.2139292981722
85.05609389405146
73.88040379035043
74.88520545150858
75.88783089778855
76.9033734256522
77.88673996137399
78.90678725378832
79.89049177772361
80.88001680399032
81.91247651755857
82.90708914937161
83.90892144582934
84.90497472745788
85.88982727388314
86.88832467891719
87.89529959073278
88.90810868060008
89.89999030761304
90.9157455978882
91.90262969985507
92.88740175882997
93.88617345973024
94.91493726660862
95.92270443504977
96.91788356762358
97.91915763871827
98.9105851438575
99.89820020036966
100.90040725412466
101.913074636005
102.9128755107393
103.924263549776
104.91948420149521
105.91002877778887
106.91834869201902
107.91841542544554
108.90892244596772
109.9239300842829
110.9164143555455
111.90227517202862
112.90146235334569
113.90113737878404
114.90256901057779
115.92055325644422
116.89050553491103
117.90282292866925
118.89587487817757
119.9200535080356
120.92654826417677
121.9161076196136
122.9334553234793
123.92416109460363
124.92941867438024
125.92037110732323
126.92252694474065
127.91540406802925
128.91491446137576
129.89523847791764
130.91333388505822
131.92703935369397
132.92707057770008
133.92645888228566
134.9222379563899
135.92457669355986
136.92700216904493
137.91615448014167
138.93582307633358
139.9503575083888
140.91944444767725
141.9226535082698
142.93919072585123
143.91235776342722
144.94859338531444
145.94752300361753
146.93016907337454
147.92516522350826
