131.128338134288
132.1340281778974
133.13861216093852
134.13243630722587
57.30909434282908
58.31691303659323
59.31572999406475
60.31446661365674
61.31951727047342
62.307072662618495
63.31056977441539
64.31646738727378
65.31712340187467
66.31947207471636
67.32242180395076
68.31139789808276
69.31349735495995
70.31588823527069
71.31763108850416
72.31675323986184
73.32374745524804
74.31232659723969
75.32007968368744
76.31517088673205
77.31346231032903
78.32302348089448
79.32249902484313
80.32030879196924
81.31845149932582
82.32255333542707
83.32074022663316
84.31880153090654
85.3251879842773
86.32875010055
87.32641819147314
88.3245977810896
89.3344287492454
90.31689406774692
91.3237121883611
92.32267437394749
93.32677168066854
94.3233753408958
95.32552771793542
96.32814996696854
97.33823916563558
98.32902857909366
99.3275505421548
100.32469550379797
101.33104795650529
102.33013498500962
103.33910392970624
104.33403613399058
105.32973877841088
106.33166574024843
107.33106367113153
108.33507992497127
109.33858022912067
110.32949694463369
111.32863911770754
112.32698669353903
113.33576801724787
114.33756536510388
115.34345948901905
116.33616242252204
117.3322733248678
118.33332640387734
119.33028486158857
120.33960935188881
121.34339421911723
122.33944263657818
123.33516572516892
124.33775450742992
125.3473675528182
126.3451365051814
127.34332065221594
128.34778010450069
129.34478281123916
130.34521532513804
131.343287514073
