139.65884993503266
140.6461477307008
141.6585731790893
142.64823988492589
65.83873752321594
66.84504783329533
67.86199998663966
68.84746736016686
69.86350934783513
70.86459677296871
71.83452149635738
72.84974229476657
73.86012634809578
74.84488140763695
75.83548715593969
76.81352563828028
77.83682388572127
78.83936909229911
79.8271956631885
80.8296107572579
81.81911265028693
82.83288601973958
83.83761194242072
84.82686013510589
85.84461843724306
86.84576670233379
87.842990281017
88.83620921774745
89.82075255547093
90.82022891966837
91.82898383700547
92.84733820232917
93.85291562818188
94.8473584008009
95.83720714962544
96.8240775999968
97.83191111655971
98.84957816027323
99.83712987989774
100.86983584224105
101.849839240452
102.85081394254858
103.84277459716031
104.84800044947006
105.85973391050929
106.8448151476229
107.83578676005364
108.84406438964162
109.86398419704751
110.84481784826764
111.83496048729891
112.84905819261432
113.83412424671705
114.86664401505573
115.84594830801304
116.87537419916985
117.8568614490156
118.83803753284977
119.85157998208378
120.86774572952164
121.82886864475854
122.84357144118236
123.86902233661726
124.86937149266578
125.8428758519143
126.85493880953076
127.85485334560822
128.8656416032354
129.8745059326048
130.8697340591058
131.86432842086882
132.83575787611807
133.85546651573492
134.85113412292824
135.8655696337619
136.84326734367104
137.8600973343294
138.86929181873222
139.84414653712872
