160.9135297770029
159.9935405995017
159.037784671632
158.08607922951813
120.95215079214344
121.89043531147611
122.92427028307212
123.83715037002159
124.80093525115934
125.89385369727107
126.67936851315416
127.65273308539524
128.75096007508543
129.72751633100205
130.68817145602537
131.7843652338942
132.63486108166578
133.69311505290156
134.7706085389747
135.48432816418338
136.48726029454954
137.58472054490122
138.50753921034104
139.45502185190182
140.57401967655298
141.38992201594294
142.3672449414092
143.427025746424
144.33646312738605
145.3391830154373
146.37282112816618
147.37459874100705
148.41641865691474
149.40741647276965
150.23307680494432
151.26568783259378
152.29660935905412
153.15618056761116
154.32248808188808
155.25747167935498
156.14854896103486
157.2157185369445
158.24366969713304
159.18532371416774
160.15683897230375
161.2262177505034
162.04263521788405
163.06577129487184
164.1484885217121
165.06326588187426
166.10663847906085
167.11721249407273
168.04233282549595
168.95232490108566
170.1030373519917
170.99397377247746
171.97581962777738
0.18171714833615962
0.8267045880665785
3.8986535294483966
3.3799560862237783
2.879618220797461
2.2097935584301824
1.4905340595866319
0.7886661023295575
0.18203080054716586
172.21032780654295
171.4235522422398
170.54096974856608
169.57717465984766
168.46637603589042
167.39986877843214
166.49268717262504
165.71040339623184
164.75045198643195
163.74990181212016
162.68035147543105
161.67608873944997
160.73957441717465
