50.04802373485857
50.75915240069413
48.05861272996408
47.05824355460151
125.05132383525859
124.05251632795938
123.0432672726359
123.74111652373804
121.0389289152161
121.73058399832732
119.0466033901594
118.03470958489454
68.65161197028962
117.73888779352359
68.96074821383058
114.04226400708077
113.04123758626986
113.74401106459437
111.03196265642441
110.03423068106973
76.67937399464748
108.03523574458137
107.04332416122853
79.66933156001863
105.02479390529746
105.73906463432009
103.0319967361201
103.73848793304458
101.03749778678832
101.74427371664605
99.03140323208652
98.03108034252915
97.0365933039929
96.02827635635755
95.02456714542937
94.02818228266968
93.02418169335019
92.02798113890707
91.01025538592543
90.01496830437384
89.02288288082363
89.71349163829588
88.70963868683226
86.00517086290958
85.01295565685635
84.00340253297715
83.00338882377027
83.6994050354785
81.00032312137195
80.00116651026879
78.99341793302656
77.99534494872373
77.00171920939862
75.99433058440799
74.98846649672821
73.99347166061855
112.66598411462016
71.99515176050551
70.988306644916
69.99736936228774
68.98009307034889
117.64316004097202
66.98146985263475
67.69984888121714
64.98620664985275
63.99027277145922
64.68551762435646
63.699418764998356
124.6475196878441
125.63608454074247
60.69732107651376
57.99243056946999
56.9890342596522
55.98335626905235
54.98676597260034
53.985299504150916
54.70750562187298
51.99098253977551
50.99016047910788
