105.93873886812842
104.962399883972
103.93374527896903
102.96490793459911
179.054157810939
0.07665036979062752
178.8197777666364
1.992889872740161
3.0042562684642222
176.10496766843124
175.04012955475218
174.02441766704078
6.977595884368179
171.9931309013324
171.03089695519577
170.01629308452524
169.01486756640818
168.0271972919279
167.02243156894397
166.00585884596558
165.03295509990787
163.99385023085864
163.01049166245886
161.98956832294
160.97626547742138
159.95930548106608
21.01175793862839
157.98254496435155
156.98249144117946
155.97280104609106
154.9598564236686
153.96322226360633
152.96135598847283
151.9936023835833
150.9943642500582
149.9930244432902
148.97526460791042
147.97222121049597
146.98675668277173
145.9680896454076
144.96286099067623
143.94465329403408
142.9523579040035
141.94721696649734
140.9649564147403
139.9558816301616
138.95639244232456
137.95158928631753
136.9562966249213
44.01080758203419
134.93527097996505
133.9545726089367
132.97241642839876
131.98503109531111
130.95808851095697
129.96216848139275
128.93881562879187
127.95455770540315
126.9512378615817
125.93229086501935
124.93781928247678
123.95243091024703
122.96549273296066
121.95405109119434
120.97932312715761
119.95225531534564
118.95591755555792
117.9370818115931
116.95227307981405
115.95151391721731
114.96369559510634
113.95578507253816
112.96428441856676
111.97047282218809
110.94011247455481
109.95516038561118
108.95686338515654
107.93910502844061
106.96560694008558
