122.96625945487166
123.92729835409092
46.25743226727618
45.23207842114478
49.11089150187359
121.02227560044732
51.11148284528167
52.131150728560115
118.02521226796195
117.03930143097473
116.02765265890334
56.10984185421286
57.14601728566901
113.00893400669666
112.04283107616688
60.13617647726268
61.105757860485134
62.12545912198311
63.125191310419375
64.08096265285832
106.03580744168686
105.055265833986
67.1609897945449
68.09920247210074
69.11517756741479
70.13154598181046
71.09871804165967
72.11950097302112
73.14118095452758
97.04704462333484
75.08163734695027
95.04562886303533
77.12020275957704
78.11036844117532
92.04163039454058
80.13391765999035
90.06820239976298
82.1347123169268
83.09112653186502
87.04933360986104
86.06221640521892
86.08050638189277
87.10688980320224
88.12369215344889
89.11484350699976
81.06723494533279
91.08437599526627
79.06984353510748
78.05218556372476
77.06284015432249
95.11760403932378
96.14601696458169
97.1640063255393
73.0354839126971
99.12579579601058
100.12865859074785
70.0557122918562
102.1201184316991
103.15499083895503
104.14958415247834
105.12970329977504
65.06806331571715
64.05227985762781
108.10998254724673
109.10588955165231
110.08794156651538
111.12586452206324
112.08448344680963
113.13484841691371
114.1220433293926
56.06398443338668
55.075063360593546
54.063659221728166
118.15751421079905
52.03697161377762
51.06136987798549
121.12887864105473
122.13862440478255
48.0729618014379
