152.20388621568586
153.20253017962804
154.1866857786763
155.2048137723009
77.21770734004978
78.22451966538267
79.22298602070306
80.21982858279398
81.2264541594615
82.221295867778
83.21398175516896
84.21793542669504
85.21098525556322
86.2083435145575
87.21294994922643
88.22002985369224
89.20949204449687
90.21412427919974
91.22014145480604
92.21691531131565
93.21588603270233
94.21013467787263
95.20697195220188
96.21464930362626
97.20418535824689
98.21075156055046
99.21974113584663
100.21133802208381
101.20353572827305
102.20638127323485
103.19945777285442
104.20398826926763
105.20992152146212
106.21160442947173
107.19796239943062
108.20264491346455
109.20313450262489
110.19616187204255
111.21724495174303
112.20360600226918
113.20460312023303
114.19413026369006
115.18756897705468
116.18714585689008
117.20435041313134
118.18428777229548
119.19748604606448
120.19165760796457
121.18644249156874
122.18738984833521
123.19194719254422
124.18104931570215
125.19131002622379
126.1886509794228
127.1781427679915
128.1739397687375
50.79579354330999
130.1858106562978
48.793640683867864
132.18310295033245
133.1746966262843
134.16909667481318
135.17666185998866
43.796311916363464
137.1856001287764
138.1895792842703
139.17204512322525
39.79249993401319
141.17718031758164
142.16744278432415
143.18914380907788
144.18491911361
145.16816917088988
146.159419080457
147.17799763261175
148.1694934395143
149.19446079308403
150.17775281451821
151.1683985686363
