39.893835764351245
39.91918074426113
43.74409324798046
42.854201190408624
10.719205797005587
9.699515125798245
8.690285932212875
7.713271715036245
6.766340803682913
5.7886891547702515
173.01812944590225
174.05656977780797
175.0157905431525
0.4550051892899782
1.1594536739361545
1.7708370400983977
2.3110947325403095
2.3037639485917656
3.1717078108553154
4.190245784170458
5.22324989219562
6.2361929502616995
7.191760497907215
8.18675885805302
9.178185614617346
10.203059234722362
11.245420327023412
12.241947727234686
13.199332019338266
14.203521611260225
15.201235093263106
16.20819072633754
17.255073631443196
18.26373547310603
19.241741029063075
20.227395454546432
21.237638694144717
22.22809899314562
23.29515388893763
24.298283840643712
25.253388067899166
26.254996919747175
27.2500228621414
28.26277220760609
29.32024399710938
30.320345208244532
31.251053878210858
32.248090893707385
33.25647445985887
34.261963920347064
35.33338053544523
36.324340239000335
37.280137660172606
38.25683980884305
39.26235839638728
40.274344499004634
41.351615951536125
42.35138931281199
43.29543701069401
44.28318490099119
45.28623886855526
46.27744453141725
47.35956579557208
48.35143940047323
49.3199882444358
50.28945553941772
51.29213859110893
52.29882230268163
53.36524756347277
54.357473284083206
55.316842413531226
56.31044153654333
57.295718761316074
58.30592920483171
59.35666322572329
60.35327563817796
61.29843162336439
62.30136906805566
63.30706628398278
