82.83881277236509
81.81982988500162
80.82413138532169
79.82208088000279
156.65861102917435
155.686413601207
154.65909951505776
153.6480198489288
152.6391308202446
151.6714222439
150.68741766211468
149.67447915243258
148.69268396232076
147.6972934253217
146.64931736619732
145.67511937180862
144.6667665195009
143.68319128655946
142.71342500274378
141.69191641865766
140.69427281192063
139.68330639220352
138.6936390536967
137.71091919203906
136.70524753057737
135.67779162163006
134.6780598835327
133.6827210977435
132.68180147603914
131.71641954782876
130.68406446501407
129.67015815773516
128.6569525687366
127.68467908950076
126.69175163131098
125.6774917618477
124.69069898297785
123.66717842706642
122.67241348228303
121.6814579679692
120.65466614718493
119.69655720138135
118.69149671421172
117.68067570534058
116.69414008922044
115.69553612144949
114.66827502064844
113.64537916877117
112.68825893765792
111.6772449985996
110.6880005478567
109.65229538095048
108.66109202784253
107.66853545611154
106.67816525489206
105.65104336905621
104.65713768033754
103.63125891111531
102.66372228740289
101.66853538874797
100.67095796490115
99.64284181518072
98.66768079592318
97.66248065489928
96.67394403035327
95.65851887607904
94.66123304791039
93.64075465360798
92.64529627681829
91.6636743359931
90.65541583099629
89.6508605402087
88.66694966672478
87.67448836897611
86.63606109055725
85.68116020192561
84.66260706179085
83.65572243309705
82.65096545881143
