152.7744145075999
153.7731364091451
154.75645354473588
155.75368956452095
78.94273595575734
79.95070980897768
80.94001186195293
81.92448690365532
82.93986988746197
83.93694013739686
84.94938038365535
85.95193379306124
86.94173686954198
87.94042365152245
88.95106896665145
89.93882393163815
90.94636799921884
91.93826815197491
92.95863532968046
93.94158018078738
94.93468234341691
95.94298216839078
96.94468536437545
97.9323240781854
98.93568335965901
99.94893269240087
100.94012830039462
101.94417718844633
102.93958974428715
103.95979855160775
104.93736980365202
105.94463930155068
106.96397377000791
107.95215050292505
108.95948290891127
109.94609096685599
110.95565135490929
111.97230642473856
112.96968299798456
113.94591754186108
114.964573157678
115.95661382935958
116.97071323196151
117.96990828207463
61.06403164226206
119.95337605060844
120.95723506803132
121.95243098913046
122.95150062959603
123.98148095366507
124.97596821489941
125.96394049708371
126.97973856601621
127.95772326956148
51.029240760362605
129.9638509020544
130.97621204781115
131.9740425026235
132.96917336455604
133.97128226201932
134.9561735581296
135.97904977313596
136.97907705659975
137.9641156616424
138.95532821716273
139.97103699839434
140.94619836386303
141.97216396115334
142.9866709702886
143.96560373391827
144.96210525305358
145.96758284304175
146.97984811584493
147.9686386899519
148.9760091591595
149.9693684807974
150.96201485968547
151.97138470569726
152.9740354767161
