45.58827762329997
45.19314054481895
45.223810500368536
46.10352466320712
102.664920835973
94.40288003943773
74.97210207978402
73.99751913713405
72.9839480440469
71.99364132962116
108.54373277564764
70.0033492691829
68.9860549437963
67.99181018049215
66.98689482083319
113.57590678114762
65.01415496024494
115.5178559093257
63.02566878123725
117.50424212281358
61.01914406280407
110.37213063082527
58.98135591757098
112.32157222237723
56.990809698378854
56.004456717690346
54.979987400523704
116.41370933350726
52.95176678140846
51.94207028164091
128.60155759966096
49.97234590139706
121.35532038906987
58.07867729840711
47.00774809394148
124.36927586882055
55.040652162497445
44.00597638064743
136.45170882604793
42.00245909252279
129.3701390690477
40.002903230339705
140.48048992312926
38.0318522705864
37.00212553137585
35.987112966839106
34.9830910078768
34.09101546451375
146.566779508445
138.37033701875242
148.5905063280344
29.9616228190315
28.974977664336922
142.37785720988444
26.95275860819874
25.975645747246304
154.47715434509573
23.95281899708712
33.092994467262734
148.35791864201641
20.970702141578666
19.963878511219743
18.974269601371972
18.01659557332604
16.995252486575005
154.34453687635238
155.36036797976013
13.943023450729475
23.091133581445582
11.95447874358667
10.990862331560582
160.35650338237795
161.36750945595418
162.33089870744826
163.3889724764317
173.52796429784533
4.983415387891504
3.970116051103036
176.50003334560878
