2.011963712926202
169.26391435898088
170.26181567232732
172.900160680493
80.32474728245884
89.01363735509605
82.3374265295414
87.01365393898809
86.01140323777891
85.01740631754312
86.33731340078987
83.01721883521911
82.00752508368481
81.01257781521475
80.01616286922115
79.01820626059161
78.01421258730664
76.96467298331463
76.02539746915382
75.04590751720178
74.02728729958446
73.01682154448847
72.02835740257137
71.06652033735878
70.01877520582299
69.01573313383477
68.01559854779869
67.01102062097009
66.02016529552382
65.01685449834869
106.32956417819692
107.31782247372686
108.34204543061256
109.33396164749736
60.03921400912868
59.006129406730295
57.99769458288955
57.0056225770752
124.01026405051779
54.997328207220555
54.006068021100724
53.040391755848425
51.998377965609386
51.010169933004725
129.99845189342201
48.998459316360524
48.00174763363068
47.0062951744767
46.01199171641357
45.04248200908467
126.31229200229436
127.31510088492195
42.008797233723016
129.3164277648951
130.32493004918283
131.27437918773887
38.0360916849369
36.98035347581359
36.02838419025967
35.03278728600247
136.31737825912026
32.99671658236647
31.999333835747112
139.3008260205534
29.995760277918542
28.991616004733224
27.992081253062338
27.003152427249056
26.04460666671294
145.26751088694016
146.277801308887
23.006173244756198
148.26921192929365
20.997223823329254
20.038692275667284
19.039290152362973
17.99275560623815
17.03798764231289
154.27170391941414
