2.010744459864276
169.35959849554166
170.36551996097484
178.9092809106118
80.32228797178031
89.01426771582398
82.33501738252814
87.01388039314277
86.01130527308892
85.01678887909601
86.33215218526067
83.01791580898089
82.00878665229557
81.01308668857708
80.01667544960334
79.01828730455249
78.01516134107636
76.96642985644148
76.0264135280217
75.04509157725575
74.02742111858949
73.01748876525293
72.02967255087009
71.0654350894899
70.0184013230949
69.01590814974604
68.01613373133652
67.01204482173138
66.01986680522919
65.0162995100955
106.3256132895573
107.31479892313337
108.33996818289746
109.33371600361329
60.0412552630245
59.00928240056015
58.000059028299695
57.008401239321856
124.008767586195
54.99978775495979
54.00721712774968
53.042150518818005
52.00022702275355
51.01148339242218
129.99779124598334
48.99979843101319
48.003552791698475
47.008737236833106
46.013262919796205
45.04552463962626
126.31345018997854
127.31469542430831
42.011056571297196
129.31600802351514
130.32611105658688
131.27415922459184
38.036462669763715
36.98017849281292
36.02924814976877
35.033438839818075
136.31731738896949
32.99617487156574
31.998122470044798
139.30086804714566
29.996339084249414
28.990467454810304
27.991167395522936
27.001638622789255
26.045220234079327
145.288982286977
146.30365381134416
23.00632648320528
148.2938374672409
20.99812863927219
20.039264673891036
19.039169991950004
17.99065060062503
17.038133980057577
154.30078286508135
