46.49357997113301
47.09264446400637
46.38997920334323
47.90284062928115
102.6628493071926
94.40565285057781
74.9706642603711
73.9966329565748
72.98497743408063
71.99278349656932
108.5456021294069
70.0017793352512
68.98554028473366
67.99127379124852
66.98671996656836
113.57853579743782
65.01433397685872
115.51861246285726
63.02617882658709
117.50586592132171
61.017380279860866
110.37376517643135
58.97948652124673
112.32512141048295
56.99162397683719
56.005725801498485
54.981520048467175
116.41531193076365
52.95196609967254
51.941678800928315
128.6054247196858
49.97276642178463
121.35821545197433
58.0791115562295
47.0071082739617
124.37094074473544
55.04134301124263
44.00589726483427
136.45578269433685
42.000925376355454
129.37252056468628
40.00144133441527
140.48389371984427
38.02855723012934
37.00117280149719
35.98498485442794
34.98231118318733
34.098666470405576
146.56496811608258
138.37050659592563
148.56398830321143
29.962024202021638
28.975306438973515
142.37618256141508
26.95260307801361
25.975261023118886
154.4429645392846
23.954346052743155
33.09283082397739
148.32981629420874
20.97064920882697
19.964233109834957
18.973884015229665
18.017125791001895
16.99481679677932
154.31242148432847
155.3294409906753
13.943427200070579
23.09126397026498
11.954426022988665
10.992034045217187
160.31973419453251
161.31796494527555
162.29148652582185
163.33051453520275
173.40260916602728
4.9832188512344375
3.9701604070570586
175.59311140210235
