2.7423831771833607
2.776882898610032
2.7802348857599393
2.7084234181233215
1.5324379302170636
0.5720604295882712
0.3734362243264056
1.3296871903870708
2.264364933014956
3.390189223353341
4.21496951910012
5.1710342937867875
6.169527268937008
7.057585655606348
8.066194349244695
9.038668703036954
9.965445399241176
10.948889746345227
11.97670400261873
12.94378231798088
13.82571491591213
14.757069537876552
15.725155360695451
16.674203172959547
17.671176101142176
18.622081100483918
19.61961222374035
20.56719403393833
21.534612347583593
22.541878151402706
23.47684292550477
24.473767915220094
25.41672743684224
26.393663011629677
27.354693097873323
28.33935375171111
29.2919869776025
30.307209340328356
31.3348261559774
32.273254559345155
33.26987783557306
34.24784530723876
35.27306633520283
36.24113598942392
37.29278375401342
38.193121721172226
39.19957428004349
40.188969333019564
41.23377548975812
42.20407728657378
