18.494953927791105
19.356997152480993
19.314643980124014
19.190935198748292
17.232088967462786
18.188537682446622
19.220184658334837
20.109114319414658
21.057426013480416
22.073031210865476
22.986451556482372
23.97181955409644
24.928395741019912
25.900967390278
26.874942372205336
27.852007069676546
28.89185670207801
29.802640403731225
30.785222494490945
31.76506836429329
32.75550913497371
33.71804965009068
34.724089580021285
35.711839253800704
36.73095056320117
37.70607169783682
38.67675671566364
39.67049750449923
40.655590490817524
41.65062867381391
42.63864021212965
43.62867479658892
44.62098162892946
44.62047324374045
45.640337872561574
46.639294328556396
47.65229814220942
48.64894560472913
49.63431038551678
50.66680579883485
51.68925797136714
52.69335379954774
53.74107862306155
54.72163599646399
55.73112969200199
56.75978302657347
57.77182669757008
58.80260853229189
59.84807248583189
60.853651266173586
