18.409041815539503
18.301137978495333
18.20452527264941
18.11599758432053
17.377966431833062
18.190241912997102
19.161878334607568
20.101993943077733
21.16626470546045
22.04290632686188
23.032756593187113
23.99386297216358
25.000369498375946
25.96917500415
26.89485878425668
27.8482860734948
28.836130093674583
29.880082671311946
30.815224334825807
31.781381286588452
32.761758424253955
33.75620385548328
34.74043441115851
35.73911010421234
36.72264694167366
37.69007161269634
38.69671026836523
39.69444636155351
40.688463992279466
41.671815992423674
42.69076424411955
43.6739017722122
44.66898215499997
45.67172396674341
46.68658819396483
47.66836240360983
48.69752843646739
49.6661751303436
50.69221289745605
51.71660169470236
52.72442387584774
53.79148597978823
54.7545441663587
55.742278480081374
56.78190814371412
57.84375593952505
58.83182263015081
59.8521289439785
60.87991919580692
61.89859270093411
