15.650871364081926
15.628569704272218
15.669797592970761
15.697026624808167
17.16861168472231
18.22377422610829
19.11104303841977
20.077186048975545
21.065175281185567
22.018158534382792
22.990923361786336
23.96879313413341
24.925664795569254
25.89795773215679
26.924764772278923
27.857799896798692
28.951979307998116
29.7936227644162
30.794213655139714
31.762849888612546
32.75411018432191
33.7174119176061
34.71044699488675
35.71207321857561
36.71232497390614
37.68599863621035
38.69094612611979
39.68254432841015
39.68082769094792
40.66797826554503
41.64970039980016
42.659246683051784
42.65915083613473
43.63989364045584
43.63901853002223
44.71824061575442
45.64919513037355
46.65633767913123
47.637072841368294
48.666498550873094
49.66068738054882
50.68086018933702
51.70594111251459
52.686610832967595
53.726317171671056
54.736760946889966
55.744580248414024
56.76423963295
57.78440498852112
58.82494149524417
