101.55245603395998
102.52274105518497
101.50277557494054
100.4123711340206
99.46867565424267
98.43378271213325
97.39235900545785
96.4342025469982
95.34263189812008
94.40873256519103
93.37827121332273
92.37113402061853
91.48691514670898
90.45482110369919
89.48453608247425
88.47739888977001
87.41055184960582
86.41600970285022
85.33703409992071
84.25789526788417
83.40812613705278
82.6486915146709
81.25517102209666
80.40047581284696
79.44208611279564
78.38690115221347
77.44087325651913
76.349302607641
75.52090715804394
74.44511825348698
73.5769970638858
72.43177683444513
71.4129775621589
70.4426925409339
69.46867565424267
68.39296543359612
67.3862947240752
66.44026682838083
65.43359611885992
64.3298969072165
63.43221625999797
62.36727128293394
61.55699721964783
60.40024257125532
59.40570042449969
