51.8324607329843
55.7976501305483
54.973821989528794
53.799738219895275
52.963350785340324
51.950261780104725
50.69915868871483
49.817232375979124
48.91209747606614
47.80809399477807
47.027341477603265
45.83420365535249
44.90983129726586
43.899042645778934
42.83885980221059
41.90183246073298
40.82606166375799
39.953461314717856
38.91797556719023
37.89412449098314
36.80881926312736
35.916230366492144
34.85929794023788
34.00916230366492
32.98429319371728
31.855730075625363
30.993455497382193
29.819662594531707
28.865619546247817
28.071989528795815
26.887148244850597
25.73832317957644
24.763562518131707
23.955788248981964
22.908667830133798
21.768470040721347
20.852915578764144
19.785320568610388
18.80104712041885
18.022105875509016
16.92844677137871
15.839860748476939
14.938917975567193
13.949970913321701
12.90285049447353
