119.96512303817093
118.66866801540174
117.93123752821482
116.80294516566552
115.67317105005546
114.84575877522983
113.86829794890247
113.02038012365466
111.94870620563319
110.94361557837627
109.72916530705473
108.8985573620334
107.66168504861972
107.02607216461122
105.73637417858524
104.9533841473388
103.81105041054661
102.95679131951171
101.64719702408145
100.6369509887098
99.75260919984537
98.93552291537178
97.81674245150315
96.83030537301894
95.95814764580507
94.62246296417152
94.01666343731834
92.77817659727208
91.65829145728641
91.00561906607247
89.6868960185543
88.89005201347771
87.691705279645
86.76368857273383
85.92520829296649
84.90954888939775
83.7329504666188
82.93107396381957
82.71095738432422
82.95462723674311
81.63896405102435
80.9408224017796
79.79768974743851
78.71666022419788
77.99666328633583
