17.309462915601024
13.730590062111801
12.659721109152112
11.654340210198521
10.77251552795031
9.65450310559006
8.699534161490684
7.8027950310559016
6.766304347826086
5.698715453483845
4.7515527950310545
3.7267080745341623
2.755936161930712
1.7701863354037268
0.7569875776397517
359.28959627329203
359.22927209030746
358.3184118333981
356.3198757763975
355.1902173913043
355.3055663682367
353.2802795031056
353.2386142467888
351.31211180124217
350.2872670807454
350.2257687816271
348.30745341614903
348.20552744258464
346.28105590062114
346.31319121654104
344.2546583850932
343.1969309462917
343.11405216037366
341.27329192546586
340.24844720496895
339.16879795396426
338.29192546583846
338.142651065876
337.0578618368329
336.20085636434413
335.16154145581936
334.05216037368626
332.32919254658384
332.125340599455
331.0626702997274
