4.5679333680374805
4.860749609578345
3.792101439704134
2.699649396182313
1.8505986465382618
0.844010038304055
359.8828735033836
358.93414888079116
357.90780610223214
357.6757532281204
355.13829372808726
354.8932847475274
353.8779553559635
352.9606975533577
351.9521859727909
350.7872143706247
349.8718795403515
348.90899484876513
347.8391229692247
346.0512009488978
345.99167100468503
344.1527074405921
343.8687095495971
342.96980739198324
341.89539030511156
340.80174349491483
339.9830817282666
338.9116365077268
337.8655395588429
336.973979659226
335.87194169703287
334.89979177511714
334.5154558497457
332.8969286829775
331.9455818253864
330.78865174388346
329.9570536179074
328.83106590939116
328.4641096071748
326.9052965262185
325.9067494386475
324.7917751171266
323.8502179368644
322.87090057261844
321.79333680374793
