333.3453453453455
330.70270270270265
329.88588588588595
328.7207207207207
327.1942446043165
326.2589928057553
326.32972322503014
325.33092659446453
323.7464373464373
322.76276276276286
321.77777777777777
320.66066066066065
319.7357357357357
318.7627627627628
317.77777777777777
316.7567567567568
315.6636636636637
314.1606714628297
313.14148681055156
312.73273273273276
311.7597597597597
310.67867867867875
309.6936936936937
308.74474474474476
307.6516516516517
306.67867867867864
305.72972972972974
304.6246246246247
303.6396396396397
302.7147147147146
301.65765765765764
300.6366366366367
299.6036036036036
299.16967509025267
297.65896805896807
297.18411552346583
295.59159159159157
294.7747747747748
293.6936936936938
292.5885885885886
290.66535626535637
290.1564380264742
289.10950661853184
287.6636636636637
287.1480144404332
