33.39473684210527
31.933787731256093
31.026691331923885
29.940664556962027
29.109968354430382
27.970727848101262
26.914556962025316
26.11946202531646
24.980221518987342
24.042721518987346
23.093354430379744
22.072784810126585
21.06718597857838
20.20965189873418
19.05854430379747
18.014240506329116
16.85126582278481
16.10200845665962
14.988132911392405
13.991297468354432
12.981499513145087
11.984210526315788
11.0126582278481
10.170094936708862
9.020447906523858
7.927215189873418
7.00761133603239
5.969145569620253
4.919182083739046
4.165348101265823
3.0434210526315786
2.2191455696202533
0.8763388510223953
0.035526315789473684
359.82161733615226
357.8149951314509
357.79994714587735
356.7296511627907
354.94462025316466
354.1376582278482
353.0102848101267
351.9778481012659
351.0759493670887
350.00791139240505
348.91613924050637
