302.20751879699253
301.0406015037594
300.1418719211822
299.57752040010524
298.5174768983528
296.9733990147783
296.0275862068966
295.08177339901476
293.978947368421
293.07192118226595
292.1379310344827
291.00295566502473
290.03308270676695
289.0105263157895
287.9763546798029
287.6138457488814
286.0751879699248
284.9852216748768
284.06616541353384
283.571715548413
281.9940886699507
281.0246305418719
279.8917293233083
279.0266009852217
277.9789473684211
277.00492610837443
276.0118226600985
273.8766917293233
273.04433497536945
271.9330049261084
271.0226600985222
269.9704433497537
268.9684210526315
268.51747689835275
266.9714285714286
266.02167487684727
265.12315270935966
264.07093596059116
263.03759398496237
262.0137931034483
260.9970443349753
259.9819548872181
258.9353383458647
258.4509081337194
256.93834586466164
