78.92112093038536
79.70768319178352
78.75962867864904
77.76417143985779
76.63835670551059
75.77325696227531
74.58818882085721
73.73493975903611
72.71578115741657
71.68477187438279
70.66592200795033
69.66265060240964
68.72210152083743
67.72289156626506
66.69563499901244
65.68832707880702
64.6336164329449
63.80281690140846
62.783132530120476
61.61445783132531
60.699190203436686
59.6987951807229
58.67272368161168
57.71084337349397
56.61070511554415
55.69820264665218
54.722891566265055
53.60063203634208
52.662650602409634
51.600906731495776
50.63796168279674
49.689907169662256
48.682599249456864
47.698992692079784
46.65613272763185
45.70807821449733
44.736322338534464
43.78826782539996
42.72170649812363
41.63927855711424
40.72289156626507
39.70340681362725
38.763578905787085
37.697017578510746
36.701560339719535
