94.0462889066241
93.24421388667199
92.07102952913009
91.23534115138591
90.05974508762613
89.32835820895525
88.0367118914605
87.13886671987231
86.23400852878467
85.32576769025367
84.10467509556011
83.03272146847566
82.12020255863538
81.34061833688702
80.26119402985076
79.14578891257997
78.12817089452604
77.23880597014924
76.35612395474668
74.97201492537313
74.28304405874499
73.1535380507343
72.1562082777036
71.21895861148197
70.14953271028038
69.12817089452604
68.13566098081023
67.34476641040806
66.27207062600321
65.15086782376503
64.30979133226325
62.945797329143765
62.08266452648474
61.21821407451212
60.30751034890597
59.082777036048064
58.169559412550065
57.24317817014446
56.073329390892965
55.280898876404486
54.10112359550562
53.1588785046729
52.21107544141252
51.15316380839739
50.080256821829856
