247.88732394366193
254.44835680751183
253.43896713615024
252.38262910798124
251.50234741784044
250.47619047619045
249.5187793427231
248.65023474178406
247.5469483568075
245.92134794912673
245.48122065727702
243.90723091435459
243.47417840375584
242.02192368994565
240.9563152587581
239.9564500164962
239.44835680751177
238.54761904761904
237.57142857142858
237.0275481193425
235.62206572769955
234.57142857142858
232.91155710242987
232.54694835680755
231.50234741784038
230.48122065727702
229.03555280876947
228.5446009389672
227.46478873239437
226.631455399061
225.1009986013077
224.5657276995305
223.48591549295776
222.57142857142858
220.96737468692058
220.52816901408454
219.5305164319249
218.03101286704057
217.44131455399062
216.66666666666669
215.54761904761907
214.48356807511738
213.6737089201878
212.5586854460094
211.52380952380958
