276.39564660691417
271.957919345412
271.02850539291217
269.9537750385208
268.3943661971832
268.0771478667446
266.97226502311247
266.125073056692
265.16949152542367
263.9859731151373
262.4497328800389
262.1417565485362
261.0987726475745
260.21040327293974
259.09090909090907
258.0829924021041
257.01078582434513
256.0958503798947
255.11396843950908
254.0061633281972
253.19696084161302
252.87095828856107
251.0812390414962
250.12326656394455
248.35745507527935
248.0303915838692
246.07831677381645
245.01540832049307
243.3572343149808
243.0277349768875
242.01052016364704
241.9992295839753
240.97072419106323
240.02311248073957
239.0298071303332
237.29577464788724
237.10111046171824
236.1055469953775
234.28809218950062
234.1640986132511
233.0683810637055
231.9812974868497
231.7358601152681
229.0215716486903
228.08883693746336
