136.88125349836346
137.8797971056111
138.88483999363476
139.8752994420146
48.80561464827452
130.19511579095123
50.81291855947086
51.8068998928194
52.81974934302563
53.814804928128034
54.824612108824326
55.82024016688543
56.819948649502564
57.81438555977116
58.819744055238246
59.811261323869196
60.816167655505865
61.8142441102541
62.81582085271471
63.816128283334365
64.81191205763378
65.81073088882873
66.80643704875
67.81424982373552
68.80177785902086
69.81534174837707
70.81596445593132
71.81045359227741
72.79593939394837
73.80115504616008
74.80786527156852
75.80759877191547
76.81119013077495
77.80779569045443
78.82017399848348
79.80736907659728
80.80512958519499
81.81671640521385
82.8149950662423
83.8130925037295
84.80964560849996
85.81233543635665
86.81790191127297
87.81089501230979
88.81048047280828
89.8067702743564
90.8173670740638
91.82790659535252
92.83299711047745
93.82238267280611
94.80844278839356
95.82560637263941
96.81647713043145
97.81783054615454
98.81408588385837
99.81656615298812
100.82625544249292
101.81564988712594
102.826381635224
103.81358138645142
104.8161320834748
105.80102813571565
106.82159500020956
107.81452591196492
108.81599774138733
109.82162842430613
110.83390553208564
111.8238744923109
112.8169463232041
113.8161874344585
114.8253086420072
115.81284854130031
116.82526961635904
117.81475169282652
118.81908835676259
119.81920479823906
120.82102645128697
121.81191714252715
122.82457963733988
