176.39808084896282
175.413876457702
174.49327354684468
173.44253695254451
106.74797611883223
107.76172268965844
108.74049015960234
109.75543677610163
110.74930705120599
111.75658656133952
112.7498890830936
113.75320962252864
114.747958589984
115.736010761628
116.74501725518328
117.74155199840108
118.74717650738842
119.74515660287179
120.7505227032088
121.74097948252347
122.7498977808408
123.73575279037917
124.72693461188754
125.74082723007545
126.71953914715347
127.74649982427648
128.73613891590202
129.73575330360444
130.7407290965651
131.729326386469
132.72745824215835
133.71331234842185
134.7265620319982
135.71076307735385
136.7156107318132
137.7302823183055
138.7186923894447
139.72359116688344
140.7152783850946
141.71123362448333
142.7102649518038
143.72332178785277
144.70311406308718
145.72070068190754
146.7143399854399
147.71542413521232
148.7114497459248
149.70989102993906
150.70501494764366
151.70482644605568
152.6881605407663
153.6660772670587
154.67888629762837
155.65089301271666
156.63751887914194
157.64952888246427
158.62753718187568
159.59677980498614
160.59852930806392
161.6160121158935
162.6029839761655
163.6194064308417
164.61382930675745
165.56627443511994
166.56506161860847
167.53097529194244
168.39499434932978
169.39852362564486
170.4147683622929
171.3983706732039
172.41601239045994
173.40934852006362
174.3098521723177
175.31063863562554
176.03721820384425
86.30457502185571
1.2716546772638109
0.2677842364892325
0.7241522315324681
