96.09659813497576
36.322274236037096
96.37505007699585
120.34492482199558
102.90653855448524
103.9270546642901
104.93028881647174
105.90931356826542
106.90856249870146
107.90576196558483
108.91547162488182
109.90811346427957
110.9160137240806
111.91652031670694
112.9103618079561
113.916322444438
114.91122027794333
115.91670128202288
116.90208384338804
117.92054579696023
118.92719510242483
119.92525345975626
120.92299011776045
121.93010299737237
122.94438942077872
123.91899081950051
124.92344891577
125.93070608215649
126.93835422417104
127.93807067981487
128.94239097702302
129.92704456525755
130.9388751625348
131.94717513719903
132.93053747256974
133.93600940151276
134.94450398562813
135.95338009445783
136.94992026076096
137.95690552170169
138.95512585837324
139.94876938699912
140.960748299106
141.95164478758988
142.95557667114278
143.962186235884
144.96848500583337
145.96680429207282
146.96945308287536
147.96825495704402
148.96596266220087
149.9826161872088
150.96818969399484
151.97913390616577
152.96954549433448
153.97193085842193
154.9846775873365
155.98597520647817
156.96934684163065
157.97274842512834
158.98298671511662
159.97699883381821
160.98347679914798
161.97915185353517
162.97845161309024
163.97570753730048
164.98064251003012
165.96327862750724
166.96246142081074
167.97980698056088
168.9619790008279
169.95935155725928
170.95190019812807
171.96511524519738
172.96913383817346
173.95819638193998
174.69181492608698
175.41570045855804
176.13757207402554
