170.73027000943344
169.74037404395287
168.72239722100622
167.71648721397327
113.44639744389119
114.44528295304764
115.44664967326248
116.44242443905641
117.4519358270912
118.42851558329406
119.41346779695617
120.42858614260287
121.42824478903287
122.45443090376202
123.4493470661539
124.44696121385094
125.45230878698823
126.43537617684773
127.44450268793635
128.43389689151348
129.45155454619794
130.43652320271931
131.4504936014568
132.43985039072246
133.44756359840127
134.44131277004482
135.4423143199432
136.41658688799333
137.42059364457722
138.42423587981844
139.41386760673623
140.41502701153627
141.42134128151835
142.43339918446054
143.4219131233296
144.4252955477142
145.40011718563304
146.40996743010527
147.4146058544646
148.40263049610326
149.3897366448688
150.39337173499814
151.39068770250958
152.39923675805898
153.38865476450712
154.37940124503194
155.38376922853092
156.3807793715095
157.39064041584618
158.3803210571039
159.36650167484066
160.37810981311904
161.37967291524652
162.36243377039142
163.36061213419293
164.3766901786656
165.37476987219745
166.36589003697475
167.35053692666287
168.3594799437057
169.3646345331966
170.35380142106158
171.34686685477
172.34125447016888
173.34804099973792
174.35887956881237
175.32717368977347
176.34826676954725
177.35860220087957
178.3470295118307
176.90219333887703
0.3821974771055067
174.31590335980107
173.65280493009942
175.0802743012483
174.1785946785296
173.6087636658158
172.9761000977716
172.12431603848924
