36.685695657821284
35.6886899848265
34.68029455121529
33.67691970327877
111.70039423811842
110.68693028013011
109.6867632313764
108.70437842084556
107.69468360103308
106.69979056067405
105.6909493784892
104.68919962390355
103.68645640135435
102.69431360092199
101.69211422967776
100.70114842280516
99.68687567127893
98.68394674474659
97.70005722524549
96.68722414082394
95.69025131071105
94.68282564042084
93.69751556176169
92.70361231631173
91.68861854103433
90.69174025350603
89.6970872925197
88.6921836087886
87.70020207388984
86.69275627225893
85.69772501027315
84.70074020814776
83.69308205809149
82.68952047766912
81.70086798119463
80.70024920500732
79.70232986752103
78.69574423789273
77.6881631306042
76.6982745399884
75.69458934383098
74.68798618539701
73.68955265496902
72.70944737897278
71.69681015894281
70.6926911921024
69.69894808471902
68.69496323785403
67.69922070075629
66.70617786880347
65.69974875378963
64.71323608939304
63.70865881844498
62.701711987619035
61.71159526450974
60.6971284799874
59.698978423878344
58.703585423593346
57.69341004970556
56.705150976051776
55.69217240868006
54.70085055674017
53.69886884038398
52.6994829124664
51.70365405246272
50.699071398441525
49.70280082336806
48.709019028227644
47.69991955990192
46.70629959461005
45.69700740640613
44.701879821308324
43.706102988439255
42.69723873183907
41.696221450528675
40.694975577471496
39.7071014842615
38.692156702520506
37.68156576791066
