36.70422313719241
35.69740296235194
34.690579291815865
33.69560152879504
111.73237056310472
110.71617685657628
109.71018588930606
108.72666481377517
107.72855085819974
106.70935865112018
105.71384596308593
104.71143890640391
103.70783601786086
102.734175369723
101.72598628458859
100.7273519678731
99.71520713064518
98.71197743543352
97.72524060521324
96.72373958720993
95.71456057805099
94.71590786169469
93.72667605793035
92.72596490040272
91.72415513059899
90.71791247870966
89.71874029486203
88.72974145828016
87.71424835031306
86.71686344363565
85.73134108361461
84.73214717469664
83.72455082814777
82.7217490625184
81.71546410861764
80.73133037748855
79.73261721828499
78.72657740636754
77.73026103097715
76.74402886516722
75.74696751825901
74.74450019547905
73.71610949875345
72.72564956025629
71.7177280936722
70.69975350204288
69.71101117654732
68.70073700997179
67.70471224305624
66.72365235917596
65.72179746235331
64.72579694505272
63.71106066962395
62.70687195480751
61.711019976904446
60.70956713316277
59.703018112485765
58.705241647080044
57.70194813804408
56.701276344392205
55.69726407853622
54.697782636019824
53.70244995331669
52.700375520513106
51.703830824712725
50.69941227192293
49.704773438968495
48.712410432228
47.70514027369473
46.70212576476845
45.696063232724285
44.706972654132564
43.707740546568346
42.7047462989437
41.69612529306699
40.71394287442266
39.70954965963965
38.702707777394856
37.69273141958108
