87.50163706740342
79.31946747961032
75.66374931487758
66.60313127476533
111.69039779095928
110.66818033920467
109.66605037330903
71.32356511016478
107.68337736486427
106.66920325389603
105.67901654956856
104.67777425044478
103.67872911031363
102.6851843885598
101.68999697917558
100.6800454790352
99.68284628377437
81.32097224934844
97.67692582131853
96.67408636707616
95.68433380317083
94.68066932037067
93.66536821995136
92.6918307204816
91.67597166737944
90.67542666813024
89.67940146192642
88.68577343978981
87.67853498013697
86.67373370321953
85.68053080135813
84.69027573211513
83.69104465420503
82.68505992206127
81.67807403505095
80.68827477126665
79.69076420324343
78.67635989183658
77.6807519797151
76.69380533712899
104.32392867342337
74.68380291426645
73.67942380932918
72.6957355885465
71.68897855116928
70.68237712884816
69.68384714537159
68.67960357012466
67.68903828963052
113.3279856701777
65.6885397424499
64.69329960127283
63.689221230265005
62.67867456031924
61.693548359229965
60.678590591977866
59.69445228900485
58.681455842292905
57.672931104257295
56.697860215897016
55.681668514599075
54.68005906304369
53.68247418105395
52.684489057977146
51.681769978133325
50.68442556349244
49.68387222061578
48.6863808543135
47.68527732796848
46.68478148697477
45.680024103413125
44.68542618256327
43.68817367263089
42.6846001980773
41.675828495549666
40.68997360709447
39.69743385256287
38.685517626444714
37.66567569094859
