176.37610740433067
175.42595913398452
174.46442599353978
173.418055344822
106.74430378886296
107.75923973623496
108.73831193361333
109.75462186143673
110.74836283055971
111.75594796915603
112.7490756741239
113.75153360373307
114.74659618946194
115.73512224590054
116.7454284897267
117.74138738781686
118.74460274639664
119.74405770305552
120.74897445209939
121.74136125096858
122.74639265938139
123.73482060578093
124.72476799036389
125.74145462372961
126.71978933459998
127.74759237147742
128.7391887714091
129.73496947238078
130.74302619056078
131.73264103304857
132.72601773391744
133.71543230648177
134.7245251220458
135.7100662441444
136.71531569332055
137.73241024169994
138.72170137919545
139.7240309779668
140.7161238290875
141.7113111402886
142.71114006344374
143.72248142922163
144.7037896059812
145.721969059391
146.71582288346636
147.7141068119648
148.70900845672858
149.7100439788505
150.7038470615873
151.7041840574371
152.7178806197518
153.69631479430072
154.70895951252825
155.71678909781423
156.69841640109354
157.71460520656265
158.69787527824514
159.6885810698502
160.69071685113903
161.70954921923416
162.69467930865397
163.71079437225237
164.69739081820913
165.7168929389496
166.70120590170274
167.6941532477984
168.70137440947292
169.69012072728324
170.728830087065
171.69535492402403
172.67506371657382
173.70396441143774
174.67104626587312
175.7098913628204
176.66656320093378
26.23305270427798
1.270934330100465
0.2688472245037788
0.7255691792940288
