38.80424584634301
37.802840116010344
36.8013099474725
35.79663253860324
113.83969332682175
112.82618387751327
111.82652587764761
110.83250767339081
109.80858150518057
108.81918242983512
107.8333091876022
106.82510250163982
105.8219189776594
104.83079468982837
103.83228102099393
102.8225565348804
101.82099562924577
100.82121260090105
99.84419037980888
98.83213345958731
97.82235977174652
96.82481765708404
95.82434406581899
94.82289335053062
93.8209293946792
92.82013966405732
91.82730554532506
90.82052578026841
89.83602395913577
88.82536708679089
87.82453347175083
86.82335497149118
85.82391784078436
84.80494856925945
83.82919475374511
82.82439879088425
81.8190369011344
80.81067646737176
79.81957523858757
78.82445177034253
77.82897122733043
76.82000050728622
75.80121811797544
74.81782306858153
73.8126137743248
72.80845125647535
71.80896357286994
70.80658517662232
69.81427825537124
68.8210151172439
67.81748630740813
66.81876736577782
65.81814079607635
64.81665831877649
63.82751875744396
62.81977682764019
61.81592267036208
60.80535790319395
59.81302957544628
58.81252403143108
57.80268192063234
56.8090392572782
55.82173997022128
54.82065696148552
53.80837150735013
52.81134223351746
51.80707189559616
50.80676895597989
49.803618919621165
48.79922352027973
47.803786300375656
46.81902585736237
45.80045893634874
44.80600495282769
43.81302214991771
42.81210422349871
41.82298109308761
40.809873086871185
39.804899382170795
