38.845941248736764
37.83815149744545
36.84271908803668
34.25067744272038
113.93185350776976
114.92602554507589
115.93076642228391
116.92197602787304
117.92437393063399
118.91456799013112
119.91705971374886
120.91425899265217
121.91241171147792
122.90678992834971
123.91347827355975
124.91672018085784
125.91399296561819
126.92101758083528
127.90124913300849
128.91310900422624
129.90147035777778
130.8999021332159
131.89561396443187
132.904451471153
133.89401376118272
134.9053565981775
135.89196552548964
136.88476932291076
137.8925506696963
138.88725177331912
139.8839201311893
140.89103226566468
141.89717481505517
142.89248295151958
143.88482717982885
144.88721286370782
145.87822836781945
146.87963617710537
147.88309569261799
148.88116729506376
149.88363973400115
150.88580441463125
151.87433550082588
152.88018659878549
153.88622528262212
154.87850075785244
155.8808656209345
156.87879003822894
157.86729314744616
158.88087515537032
159.88274105042385
160.8739094264988
161.87660970177208
162.88205031995568
163.8673929078843
164.8648342032123
165.8637581156962
166.86882349456218
167.87229201750233
168.88777046654587
169.8771862449417
170.87553830645712
171.86904314290476
172.86787828206886
173.87210798442734
174.86528719549915
175.846891927075
176.84633964695442
177.83824004467306
177.60715854828823
1.4491642985437614
0.9397624448149305
176.2851154467213
175.9993845839865
175.4380821788578
174.67224456250372
173.77914733790087
172.65774858882367
171.7277371022228
