38.83797938903471
37.839598639198044
36.83029520149023
35.84129027738931
113.84601572365634
112.83919338303092
111.8334599427103
110.85181867614195
109.84130305571907
108.84576162585856
107.84210899506117
106.83380064585174
105.84500432764261
104.8497868721135
103.84298291384513
102.84877099804459
101.84251236585794
100.84760168220984
99.86325622622664
98.84787637204023
97.84320400653904
96.84820696994464
95.85020311728144
94.85199814758565
93.83525934334199
92.8546327939397
91.84595412482814
90.84738548566774
89.84471627962014
88.84991532528075
87.8458136271501
86.8581727470527
85.8506134822923
84.84611703612705
83.85209601264413
82.83964978290425
81.85044409012752
80.8424918665136
79.84194888075723
78.83777208383451
77.84421469249524
76.83208771885907
75.83492226922446
74.84514456041504
73.84068013232195
72.84546489018906
71.84143488109943
70.84255964181952
69.83920486834177
68.85188531542049
67.84440794232644
66.84633254202744
65.83655362218073
64.84147881230197
63.853975038453925
62.84393008347539
61.83781061421077
60.839611385002854
59.83406395308255
58.839770045404435
57.83105724127238
56.83196676599771
55.84517041416577
54.83592822806602
53.8395186306328
52.83901825783838
51.83587475636859
50.8467404867655
49.838080646065684
48.83156334171948
47.845696813056
46.84135463188991
45.84615029835263
44.84062787276538
43.84199217849476
42.84317944786069
41.841233397730605
40.83742433999957
39.828242286853325
