36.70891393645488
35.7021563250484
34.690601395117305
33.69118352172401
111.71493032681924
110.69386400513382
109.69871863459245
108.7158694606362
107.7187003718956
106.70966360309866
105.70259632840937
104.71307612291864
103.70978828532687
102.70442339633671
101.70424016210335
100.71816734465457
99.71122933122449
98.70209281194767
97.70372610584988
96.70184689925455
95.70654464919232
94.69770427521237
93.7105586402169
92.71128874757628
91.71645136396896
90.71231002097602
89.71043422509976
88.70422443957717
87.71252372834358
86.71732495076718
85.72621855414047
84.72166303535619
83.72123691749817
82.71204173636579
81.70876704982518
80.72254599847416
79.71757927745062
78.71916745943562
77.70995212909176
76.71824321306632
75.72494205672763
74.71364932107224
73.70974772891488
72.71742150272169
71.72942136909994
70.70581537696481
69.71542562803882
68.70786588895596
67.71304381795407
66.72420556854736
65.71835474139503
64.7278536288572
63.718464834861805
62.71955704466416
61.72092993566214
60.72170485144064
59.720247176326524
58.71461971366304
57.7101014147317
56.71322018982504
55.7056849104723
54.70537130327348
53.7161763548899
52.71527160729693
51.71056349541848
50.71233261792934
49.721699858380525
48.7140144957208
47.702303850949725
46.712736289217425
45.69286891530495
44.71499214188121
43.71683525068652
42.71540730931827
41.698666650962515
40.71045657214597
39.71420187623815
38.7098622587698
37.70154116219673
