102.65310794372171
1.066442114273559
0.08000631695592386
178.96003166016777
101.16841545759955
102.16128849317171
103.16155864112342
104.16455917132988
105.16496137092504
106.15798016652077
107.16076099332517
108.16600959608499
109.16902293563501
110.1650265721181
111.16894074822643
112.17658257959516
113.16736951706514
114.16716386757821
115.16608109561176
116.16578003847383
117.16316351460215
118.16698777928607
119.15386248106253
120.15874734702243
121.16929673530706
122.16399927461963
123.16799051286158
124.17192618426749
125.17118049422278
126.16570089391195
127.16058126861633
128.16658994062783
129.16817017220092
130.16414376342416
131.14450734689558
132.15797514334457
133.1601523837937
134.15043080729245
135.16334116115115
136.17278809623073
137.1641910011928
138.17135986922173
139.1628264459301
140.15797543466925
141.16289897852843
142.1594834359595
143.16919579584268
144.1725566214704
145.1724339889186
146.1714657602288
147.16969886544078
148.17472525606738
149.17075195007905
150.17044226868177
151.1712000931985
152.16428786916444
153.16536400404053
154.17384478834742
155.16615408664833
156.16708934670703
157.17414613266502
158.15425842923332
159.15853186767464
160.15200913484603
161.1666136506619
162.16990928913316
163.16101529137433
164.15781530233502
165.15831512408087
166.16246924007922
167.14848525070502
168.1511779508266
169.15754917780797
170.1630774982202
171.14062740037775
172.14206010856682
173.13703508620364
174.14865288271415
175.1580998068492
