47.4614481093107
55.10388125718818
97.84556995973422
80.24736334017439
101.09642559789043
102.10807707553168
103.09532711689826
104.10068144269567
105.09984093934945
106.09354749753491
107.09805084536983
108.09680314280665
109.10930440819713
110.09023460910613
111.09919010686683
112.09906789760491
113.0954347228288
114.09336255566028
115.09714422966617
116.09871524950671
117.09878452969696
118.09762960158884
119.09379431512944
120.09554250686412
121.10461053065482
122.10936716052008
123.09186879231407
124.10183470573963
125.09668154897243
126.09864814592228
127.10004603894086
128.1023156102269
129.1161258962571
130.11691895365925
131.12195373008433
132.10390575411162
133.10525728286785
134.10367228341158
135.11254619206738
136.11220169697174
137.1056772480617
138.11424850006816
139.10946036189713
140.10173858372474
141.1169755997821
142.12321739670963
143.1256223110508
144.1142034520527
145.12281253500097
146.119529585425
147.1174938950555
148.0885874032102
149.10145954472648
150.09665609513374
151.0873683291821
152.0877966479388
153.09982561721532
154.09018712554231
155.10484469998238
156.10257105798135
157.09316373567808
158.08181405188375
159.08672391193
160.07376854225453
161.07274498493527
162.0847976180982
163.0777673105584
164.0716595913003
165.07056573268022
166.06411537922617
167.0517862765114
168.04630692562603
169.04325722378434
170.0146675131466
8.884984538824872
172.0386204409434
173.0017979928794
173.99063355440015
174.84606634419868
