38.82890472652437
37.83013863534067
36.82914321392538
35.83132645867083
113.85219643209341
112.85551246217742
111.84252417509083
110.84404434027256
109.84637537410848
108.83502868967636
107.84397633782821
106.84789704580167
105.85295861363738
104.86251086460528
103.85448349238965
102.85989160289621
101.83678489859832
100.84351298883423
99.86653430822656
98.86012620266486
97.84446477944071
96.84062238195993
95.84841905430963
94.8411287486421
93.84059669095605
92.84558610098027
91.85770305901742
90.85415683980357
89.86351379203825
88.84617797991214
87.84605082417545
86.84261749617256
85.84975045592479
84.84707131566853
83.84937522921153
82.85243339699737
81.856217557003
80.83818173666427
79.84239075207302
78.84501193239824
77.84553096220944
76.84702317444592
75.84034145682011
74.84098045515508
73.83846710428084
72.83394111966005
71.83886697227545
70.82982917212611
69.83526671820069
68.83887993587273
67.83796674438683
66.84367413422771
65.83819169635214
64.84155034387558
63.85796841276213
62.84452210692249
61.83156166205753
60.83592950880981
59.839744072815755
58.83370814831947
57.823867327163946
56.83714114179785
55.83607899304577
54.839238676614926
53.83760433236904
52.83032608471513
51.83073077429058
50.83778779885517
49.82885979913544
48.830843466118374
47.83213959775005
46.84140338792843
45.833036709665464
44.82903609430816
43.83526817316256
42.83572201831209
41.84080942470321
40.84736441583663
39.83236932265637
