38.8033803482201
37.81661860690868
36.803856684603254
35.820432845319665
113.83169915037749
112.83470766090993
111.8267136015526
110.83448934502222
109.8306472555538
108.8315803076712
107.8302187174727
106.82377182852741
105.83655781382905
104.83783954346166
103.84754945743342
102.84692251969919
101.8230636518353
100.82399489006548
99.85423473887369
98.84677578600022
97.83375928404479
96.8283603458187
95.83122547024662
94.82502729821864
93.82776250356416
92.8357190801021
91.83738188986315
90.84730253289221
89.82733307561624
88.8324622859748
87.83249675192057
86.83675671509343
85.82021960779399
84.82835464797517
83.82971401460068
82.83299088829854
81.83635532020267
80.83148898788465
79.83169705827699
78.8328402711471
77.83196763551213
76.83956190303105
75.81991805722909
74.82755500138738
73.82424213549457
72.81828502340119
71.8284282833188
70.82649967835974
69.8325849185318
68.83447699872885
67.83006509557141
66.83948906517965
65.82901610351038
64.82499618565431
63.838114943041205
62.82807406551653
61.82095460295535
60.8157453608229
59.82467223462515
58.816828829508005
57.82576666044645
56.82571192473957
55.82885156544293
54.82648730882818
53.82521069786923
52.821876488922584
51.824274553246724
50.819201584117906
49.82616571158061
48.81376740094712
47.822305953642754
46.82765384404429
45.82665616734948
44.82058962616472
43.82225449586741
42.83155501357201
41.82819955978512
40.82930609443766
39.81853440590846
