69.42968543742091
59.32810504496081
43.789561197528045
58.15069096155667
110.37587741589662
111.39309631247963
112.3883664724203
113.38679988854287
114.37613678976892
115.3782396029415
116.37712637502943
117.38225641969004
118.39594584599045
119.38147773968763
120.37781948235646
121.39563559946293
122.3780605890841
123.374942203661
124.37665523088168
125.38263954321636
126.37366052129487
127.38873267766795
128.38279785582677
129.38423116303017
130.39407082096338
131.38238689939797
132.37213514608496
133.38252155747466
134.37627508617254
135.39216116514118
136.39228152373843
137.37932616828775
138.38505802953466
139.38395321294698
140.38775867892332
141.38938229237922
142.38112234442397
143.37956149367753
144.3954649209997
145.3933354431544
146.3731231134629
147.38517004458888
148.39518125073823
149.39171828160312
150.397288593566
151.3952454510641
152.3908725654628
153.39782856110997
154.3918259272011
155.39780158847321
156.3812251707864
157.38773406735024
158.37373621856597
159.3893429222013
160.37704180908426
161.4028334467742
162.38847891014686
163.37627176491782
164.3693046680732
165.38420745934002
166.38973396479147
167.38723119034324
168.37980889316185
169.3734925292551
170.39318242980463
171.38601339881058
172.37488091876833
173.37164693643345
174.35967050208927
175.36616813125656
176.3697122297199
177.34232106875766
178.32899759689607
179.3229232733693
164.3702318363697
176.1237465250967
175.15624952343484
175.0267687121249
174.8322441074092
