38.80824916507306
37.80118197454513
36.80509495244549
35.80822178486599
113.83124106282106
112.82424280884707
111.8247202835069
110.81754246760838
109.81770378854357
108.80801366448985
107.83097763287566
106.81583297640952
105.8239826751592
104.83139842067409
103.83424361875232
102.84339106716483
101.82487814833418
100.8304030059017
99.82513454194493
98.81856250475764
97.8206597658622
96.82530518024147
95.83535609216574
94.831081205051
93.81473110010916
92.81597367826824
91.8125683337655
90.79972903512427
89.82977929483481
88.81388954628778
87.81663988981042
86.81919115684727
85.81757705662328
84.83560105801679
83.82458258136103
82.81995140601113
81.8049004886133
80.82451054950928
79.81102430377342
78.81155654393457
77.82076470067058
76.8118126053775
75.81257534530228
74.80819539904589
73.82099764975109
72.79792241278128
71.80996378716588
70.80259630059138
69.81011370792447
68.821868565199
67.82077710253076
66.82405121948548
65.82239076913291
64.82599881160414
63.816950013467206
62.81735677350142
61.814177452338996
60.80682336534578
59.81330109552265
58.8098249237845
57.80675225959088
56.806440904757
55.8135379975914
54.803992156734544
53.817972245902034
52.80362146772831
51.81982933876177
50.82287822836862
49.81074901814136
48.81809037049308
47.81355452537244
46.815572862745015
45.814748873053716
44.81015862707796
43.80601977223249
42.814331810286845
41.8162133681395
40.81710229884914
39.81348542048519
