82.3176756749002
78.54300162329861
76.203259452024
71.51957529288312
111.68955797865418
110.66881567529471
109.6667727679269
71.3218677298307
107.68460144581184
106.66977118036738
105.67920913565798
104.67633829079898
103.67822111468324
102.68499418130767
101.68795207881469
100.6817362951298
99.68391052957891
81.31945817183153
97.67833627702039
96.67369346708522
95.68541135018967
94.67786990904627
93.67073023669685
92.69253603396487
91.6799387866575
90.67503003210594
89.67700391886487
88.68640201243068
87.67498098163645
86.67374435957561
85.67964003893437
84.691843062302
83.68601742146897
82.68586631326102
81.67938109038974
80.68899318979791
79.69191645650312
78.67642717830448
77.6804515796218
76.69280058456538
104.32454905252614
74.68475423634153
73.68101824101822
72.69494314217673
71.69016174595583
70.68245353412543
69.68585061238349
68.68199365032555
67.69028373566739
113.32983873965557
65.68862136531807
64.6913260976945
63.688065639389606
62.67648686050201
61.69358783197826
60.67819236585691
59.69396634596533
58.68279976139619
57.673725039312366
56.698485771229265
55.68094446883149
54.68106415948233
53.683742459167085
52.684665480214655
51.681273991931384
50.68568131864049
49.685120747084376
48.68619209629705
47.684512474695566
46.684610990490235
45.67918112515787
44.68555519095682
43.68788241487737
42.68415637203211
41.67441727136393
40.689786100693944
39.697476772251235
38.68381029752165
37.665840824922796
