38.77300200473448
37.77473715868956
36.776700122267606
35.775278810682444
113.80734514578262
112.80730353614466
111.79879120826045
110.80284925252094
109.7953420345272
108.79457432783333
107.80543105547495
106.80434103628679
105.81100601151321
104.81024346050987
103.80364087755495
102.80579179583175
101.80207261066765
100.80340145105224
99.80901010090935
98.80632914271403
97.80692623480206
96.79326976242147
95.7910619547113
94.79731850770588
93.7878677536905
92.80417165652517
91.80160068697793
90.80282196919912
89.79751513540633
88.79563663952396
87.78802499500729
86.80799506673809
85.78957180387715
84.80148783008148
83.79749436875602
82.79748961521368
81.80807100052789
80.7896386674485
79.7876671042008
78.80297451565336
77.7876084045548
76.79383298964851
75.78609076356793
74.79846180737866
73.78883211712521
72.7911671065679
71.79485299670078
70.78107306254553
69.79428770758079
68.80044418324208
67.78592721986453
66.78248153916729
65.79245349028724
64.78478279096127
63.79479149673779
62.784309384976886
61.78319722625697
60.77897668379914
59.788079317259395
58.77666742696532
57.78105085306703
56.77849130531724
55.782450024770554
54.778218436037584
53.7852987178846
52.78536906337336
51.780025088071596
50.79626035933561
49.795543771410124
48.78073500534697
47.77984288058468
46.79322512467438
45.78928515597688
44.78725990575041
43.79188956053331
42.795173090141844
41.796048238150995
40.79180573341597
39.778314986763945
