38.80954495148119
37.802188283237236
36.804280159363195
35.80818107235436
113.83122196268273
112.82338513686676
111.82399471302763
110.81676664269098
109.81781358088342
108.80688248450093
107.82849388562947
106.81367199029859
105.82312533468651
104.83159560279242
103.83147337693768
102.84304180353709
101.82389427226076
100.83197874988244
99.82356093708177
98.82251667464921
97.81878471326175
96.82456874808298
95.83058186315353
94.82196439689046
93.81125461648709
92.81781296971442
91.82325048631763
90.80674844768784
89.82064779349527
88.81369865612649
87.81911827989877
86.82447206183546
85.82002540523982
84.83804990478569
83.82585102720873
82.8255995151017
81.8111487265259
80.81547494375417
79.81514729670387
78.81173882382447
77.81673054668612
76.81785038411898
75.8102121805372
74.80655352613569
73.82058963996265
72.79471255539785
71.81284240766216
70.80113403422385
69.81347535183204
68.82114599082841
67.8186431404961
66.82544302712178
65.82231968519267
64.82590956726447
63.816791437422964
62.81637598712113
61.81582855147822
60.80784558511391
59.81475334740991
58.81166675124336
57.80794474535701
56.80624865452435
55.81323361667493
54.801889757122375
53.81782153356047
52.80869853202865
51.81941963418074
50.82557844833133
49.81041224533598
48.81858463887639
47.81299152718829
46.81404348222983
45.81647128193804
44.81065587034047
43.80615427409002
42.81510896468716
41.81464947249904
40.817179338468776
39.816276663268894
