36.76578294859955
144.23486738887118
145.24466156035288
146.2419297137628
111.799580603856
110.8017330417794
109.78567121823649
108.78944193530293
107.79670560297616
106.78018138441531
105.79200515334038
104.77934937297438
103.7860691837113
102.79175874303516
101.80176470418057
100.79497685282689
99.79709565236423
98.78934559084288
97.80358045488057
96.78027639767974
95.77665077619966
94.78719975104099
93.7920205155476
92.78630776660712
91.79815267183224
90.7755992524402
89.7770527440034
88.79179040254218
87.78878945310103
86.77143194549758
85.80614365102862
84.79141573542525
83.79418016199911
82.77919343597993
81.79331762201285
80.78057337033496
79.8021413082048
78.77363541850428
77.79133533728081
76.78115897375007
75.78722575036522
74.77535777253237
73.77320604235138
72.78533908137189
71.78266194383664
70.78103299172433
69.78577824565394
68.76691603791686
67.77004180080259
66.78321457444737
65.77801047460622
64.78708976294136
63.7801717294317
62.78810818584915
61.78299431258202
60.77282066387234
59.77603849429155
58.77064947186511
57.79036566467005
56.795913473515384
55.792703061891956
54.790004502307156
53.78656539883665
52.794779759582674
51.790433571362286
50.789857952931726
49.79647685110673
48.78793251097546
47.79463434213474
46.77981352505977
45.7807520441226
44.776438022030874
43.78809052038096
42.78814444898209
41.76026618569363
40.779488717996365
39.7786804009193
38.787085473302255
37.777738844428484
