174.64980959148895
173.64748387635572
172.65436026066635
171.6499188794531
109.45661193806181
110.46404923558855
111.46316699517718
112.46757141000438
113.46773302464108
114.48140710393332
115.46208392307746
116.47403946159723
117.4808560319539
118.46700747208023
119.47059216304474
120.4734223702395
121.47802586606593
122.46547944374247
123.47195504242227
124.4710907142748
125.47248566611997
126.47150504426604
127.47489752443195
128.46055950631654
129.46701922811798
130.47001532843942
131.45596340171048
132.47809303654418
133.45988731718515
134.4637571628052
135.46170961279813
136.4700510605551
137.46298291188756
138.46583727039453
139.47604983182094
140.46563845542462
141.47259447514503
142.45605057691833
143.45663090568226
144.4619714618167
145.45631701494827
146.44125555181486
147.46586633633518
148.4575238775345
149.4474444705312
150.4532342834881
151.45015203733053
152.44792360933147
153.435077789916
154.43372974256127
155.44366983668357
156.45508476614586
157.44561113311232
158.42962019956462
159.43895474325538
160.44050418614376
161.43681679663771
162.4370385136147
163.42932872525964
164.4358521634791
165.42657017934303
166.44787126750504
167.42478400962997
168.41954912908415
169.43659421431468
170.43946141808513
171.42869387750588
172.4320022883098
173.44804869063879
174.37982389292245
175.4545600897576
176.44898245742587
177.36507865835878
177.03959024570338
177.92024937264244
0.404605681266378
12.441703757015148
177.6298149430954
176.63352239790026
