36.708841464895414
35.70208118923588
34.68943575504042
33.6903277621659
111.71531350012326
110.69393444423525
109.69789270958157
108.71555467650349
107.71829494029866
106.71129437104275
105.70351052772695
104.71324907000884
103.71086513010076
102.7047826764065
101.70240767487144
100.71842179201974
99.71119381470481
98.70436506558642
97.70577372416592
96.70427482116544
95.70973190172546
94.69788701661774
93.70789974378025
92.71645895252551
91.71551775040015
90.71279907859162
89.70886659831498
88.70604584280605
87.71762732442195
86.71889023326746
85.72745711961119
84.72465484653343
83.7191943492386
82.71824944299877
81.70924520783126
80.72072855669619
79.71738087620513
78.71798492474811
77.70995446636013
76.71832454561446
75.72752272272302
74.71271626834519
73.71030257536563
72.71749230595891
71.72660934770175
70.70816576302784
69.71626004002225
68.70910474183977
67.71424475457157
66.72386228900736
65.7194192716439
64.7271874777704
63.71880848883722
62.72055241115117
61.72121883110289
60.718423059097795
59.720055297035806
58.71470883302371
57.71179471897709
56.713368446085916
55.707622340647156
54.704925773704645
53.71710634680885
52.71561348902096
51.710833255232764
50.71155321591471
49.72153669631551
48.71280878117752
47.70264101698384
46.71346330803309
45.692574592722906
44.716385795976045
43.71724430472565
42.71441495986219
41.69937457334208
40.710786515465294
39.71419977029002
38.70938514354709
37.70071022199371
