174.69618590395646
173.7091847662838
172.7015418252722
171.70224546820617
108.54261322636432
109.55436711101379
110.5513600977195
111.54750282245001
112.5484472115544
113.53185512888517
114.53834253096905
115.55110119878344
116.5308279945514
117.52841954117764
118.53342944843776
119.53100587024174
120.52429600604135
121.51989405140561
122.51417467566684
123.5213332429727
124.52043465487344
125.50384617404713
126.52474290622973
127.51862377415806
128.52041084742464
129.51383381762102
130.51248979388262
131.52071189891095
132.51081415640678
133.501537589211
134.50788898094774
135.50411417458125
136.48832528727135
137.48416638723924
138.4896714164482
139.48897489825262
140.47980956321047
141.48351558123935
142.49519239305
143.47159927436908
144.47514027991835
145.48032670664085
146.4699469915771
147.49012344433973
148.48727907687706
149.46987478859188
150.46963028796966
151.46103722910902
152.45693214523135
153.45298564003
154.47245274382564
155.4668571508821
156.480698762762
157.45594395275728
158.4246658504198
159.43520868320385
160.43458297893673
161.4278325606311
162.4030094136129
163.42749410140755
164.402050658461
165.33828582276277
166.35257845208113
167.3437921087223
168.3373247447107
169.34612110460324
170.34891058399498
171.34079009098863
172.22031465617667
173.03831650365794
174.0607035565289
175.0501704647655
176.02451664407164
176.89013088743042
177.84235579493742
176.56794047999745
0.5391881037995796
162.26963565030277
172.36549867633408
