123.8381358558544
124.8319861512893
125.83935340161584
126.81289527976571
144.25400828863286
143.26756368466985
142.2669263636982
141.25523872925118
39.74766831029339
40.74918317525542
138.26527328507382
42.75877875473739
43.73893942475265
44.750815209301315
45.74872864435266
46.74512392406071
47.734988206586436
48.74011816878862
49.75359602659388
50.75210564177936
51.737707403794325
52.745002132280156
53.75167786807057
54.752625019930576
55.748680798486
56.75051677362519
57.74433506511716
58.750562508012486
59.741465554713486
60.73097440379583
61.75130776497423
62.7456601821319
63.7579599385254
64.7454558428299
65.75487434015629
66.74890277271744
67.75167635573224
68.74477095589818
69.7487389126895
70.75786404671473
71.75174997133588
72.75009524007665
73.74493183359284
74.7589932557494
75.76168314904238
76.75774995564728
77.76060943443653
78.75882396042094
79.7483558496958
80.75680412246815
81.7452987425864
82.75623096408454
83.74417823438806
84.75572683930108
85.74667492945424
86.74860019297567
87.76434441720988
88.77138938886155
89.7669678761358
90.75535452289913
91.75777936907731
92.76222489029989
93.75389021408023
94.7546453681784
95.75832669362836
96.74295403071446
97.74650391186644
98.75783565157577
99.76316083559574
100.7381237793661
101.74664968869418
102.7540991160694
103.74383956687642
104.76090693669114
105.7507344445268
106.77099016205015
107.7595959521385
108.75433775070263
109.752903202271
