36.68560108692918
35.688917747586736
34.68065862179438
33.676581245518065
111.70062373035441
110.6885551209039
109.685915645239
108.70385764791116
107.6946454947535
106.70059011967987
105.69164724857197
104.68782638261763
103.68800682815095
102.69558636305831
101.69054129144884
100.70616347473404
99.68731443622671
98.68570471871016
97.70073815143145
96.68772380325045
95.69099263364828
94.68101591121062
93.70238239887416
92.70367643672111
91.6903764302992
90.69237463415475
89.69941065653381
88.68713481574211
87.6941874410235
86.69274859597934
85.69934406458799
84.69979308684078
83.69339003250968
82.68874253041388
81.7007456508546
80.69984431578321
79.70302510087292
78.69842124603873
77.69038546807646
76.69390119277288
75.69481487657006
74.68657405231608
73.68922288042064
72.71288606388323
71.69502247666871
70.69161894849756
69.69794169355444
68.69534347975745
67.69891155994208
66.70486891542444
65.69941201594615
64.71385678013658
63.70790317197637
62.70102048706221
61.7094920962258
60.697467784816105
59.697602503536054
58.70206046177438
57.69264229578204
56.70541043498991
55.69053973010451
54.70001046548579
53.6983913432209
52.69868394523582
51.70223751558428
50.69805906544262
49.70224272539009
48.7084506254292
47.69957593596938
46.70516432896415
45.69639864331409
44.700839866494974
43.706417589218496
42.6969561492515
41.69714239114804
40.69652066848819
39.706166464182786
38.691735164939715
37.68107972436869
