36.79106533326871
35.77163324024393
34.75967857292687
151.23999943408685
113.70477893328508
112.70733617732512
111.6787974051863
110.69448645085774
109.82322961842421
108.8161999997216
107.81459032272805
106.79530609214791
105.80463746970118
104.8225393729859
103.82160439962574
102.81967363520818
101.81430837710322
100.80653927488567
99.83080695356355
98.81683733646227
97.82456018389871
96.82171619281243
95.8192550767724
94.8248378728998
93.8189287544664
92.82270899278281
91.81620262025572
90.81388157245748
89.81260520082454
88.8018297680943
87.81167240143567
86.81081700255908
85.81784850936681
84.8037040186589
83.80192167208807
82.79836530978685
81.80404676456604
80.79329015346799
79.7936763937989
78.79719399197519
77.79650682818753
76.80500240115856
75.79323388223963
74.7930184469547
73.78920752649627
72.78715562854234
71.78402194949874
70.77955539320371
69.78306338799023
68.78553814701417
67.7846046723328
66.78605199957396
65.7817582772937
64.77093252957803
63.78502190919105
62.78050836013417
61.77185348702919
60.77061544830335
59.77897737707482
58.78325933183305
57.77472094453765
56.77675522988257
55.783149146857525
54.77658286707227
53.77726763955887
52.773858575556716
51.76999506527316
50.783741494998566
49.776016260210675
48.77617899508371
47.77301030704548
46.76924850391598
45.787617827232545
44.773040953836066
43.77107721204132
42.77734831141598
41.77779164241455
40.77150358972718
39.770279506869784
