163.03761060868285
164.04627316371096
165.05833550996766
166.04612533604384
74.97788594809026
75.97199519468309
76.9635684410091
77.95651608243021
78.95193100913187
79.95619398022782
80.95753299778123
81.944449530037
82.96587141861323
83.95806242907588
84.95653642771215
85.94932603908788
86.96529668757199
87.95261569226639
88.9726656432843
89.96473967128738
90.95731712628431
91.96797056561327
92.95094770759727
93.95107948123217
94.96474051884837
95.96069480105395
96.96478839815157
97.96152534948958
98.96513487591811
99.96488413289146
100.968237332429
101.9624350328134
102.96311732863406
103.96834141449062
104.96188913694264
105.96483427532552
106.96105386138538
107.96267367771826
108.96507138263577
109.96405781803946
110.96773193496205
111.95157955371178
112.94619377896205
113.95749872348583
114.95866921252139
115.95876926156063
116.9711259043051
117.9612031750139
118.96195257832872
119.95415565885324
120.96025377319798
121.96683373174413
122.95958514276609
123.97217122458936
124.96924760541384
125.9672143945573
126.96385230767768
127.95630726075231
128.95601802328522
129.9638498506913
130.95404252046555
131.95815682897555
132.9628948643209
133.96517633703598
134.96324672806588
135.96516238718525
136.9610890454863
137.9635468652981
138.9715570475831
139.97424448316045
140.9646796154912
141.9756404633693
142.97463499107835
143.964708109538
144.97064056060313
145.96766621271001
146.97198214669342
147.96483579614082
148.95924647339643
