38.79853746890378
37.79166104088097
36.79152674016321
35.78690534359276
113.81090245057865
112.80735734785252
111.81400215860171
110.80977907052902
109.80805122962096
108.80699394135787
107.81137786329712
106.81205768834457
105.81234209190372
104.82623645312044
103.82126852333884
102.81599169364696
101.81479111760216
100.81129964553354
99.82642798419877
98.80971297139683
97.80726427281951
96.8112722355384
95.8081664015727
94.80423063839133
93.80230085863306
92.80818510461806
91.80993706726392
90.80168968290211
89.80852155043202
88.80701997975393
87.80965394952437
86.81408619810816
85.81675686703997
84.8155906350568
83.81333579189673
82.80702866768127
81.81378077767329
80.8097173926106
79.80467136782757
78.8028245729363
77.81028922886053
76.81063654939322
75.80058921519374
74.80569861673858
73.8030494041204
72.80393505497398
71.80620575100731
70.79084128277768
69.80055233050145
68.80148524387748
67.79902635785419
66.79466418652342
65.80612717730713
64.78792573286867
63.80217326250833
62.80169416618731
61.792236811362855
60.79464573575767
59.7987733856273
58.80068481985792
57.789417941354266
56.80120227232646
55.80244233678185
54.796593587528804
53.799938600964026
52.79194259839625
51.79677136895583
50.79511890638021
49.80549342808508
48.79526438449866
47.79360471881015
46.798985750460524
45.80406108038564
44.80064007709727
43.79878751302517
42.795223333082696
41.800378457248506
40.80834105518103
39.79875834081376
