171.6517783013158
170.63636391378114
169.67455451278198
168.6580075057696
112.51539395912957
113.50018137726113
114.50319802300345
115.50130515713037
116.49927152852788
117.49109120633463
118.48346183400851
119.48486539364494
120.49701238655116
121.50470456599443
122.50134586191952
123.52541433918749
124.5122973064506
125.52002228127184
126.51000048333518
127.5261297148391
128.50908436794757
129.5135566222292
130.51233673246276
131.5188038514114
132.50508353010446
133.50285890473046
134.489311866662
135.49734068344512
136.4802602039072
137.4908219679474
138.4820699203531
139.50203112006943
140.4963720570199
141.50692662590993
142.50662797284662
143.51123832575877
144.50890227936142
145.4861697731361
146.48457869043028
147.49925512978731
148.491985181762
149.47418582117493
150.47884585959486
151.4716152036158
152.4830057746291
153.47742768929064
154.48039405154557
155.4847961943326
156.4810133781993
157.4741143311306
158.47139472836196
159.46597232872827
160.47728794976268
161.4756459058821
162.46747926749055
163.46624428450755
164.46899564806932
165.46388526907248
166.46432260622032
167.4446535662021
168.44868469762264
169.47968980803626
170.45761548903306
171.4602252745582
172.45797424710568
173.44367336954352
174.46874142574399
175.426625819733
176.44287523205043
177.45490918029975
178.4947111556031
179.43413377349592
179.5307324132126
178.50873731750173
177.5591053638997
176.542639441798
175.58048320444615
174.55859275699376
173.5426418364598
