87.81268274986364
89.23779512718436
81.4514438038753
85.72131313425298
114.40108851267544
115.41437455325705
116.40222491029185
117.37551622739349
118.3810054648064
119.38494418850131
120.401369076568
121.391745984727
122.39072817198735
123.40328750876469
124.38735453326635
125.38351544726969
126.3731011245032
127.36355820906543
128.36801492801155
129.38109615531627
130.36606583327975
131.3709129871065
132.3697714491564
133.37764435068647
134.3643697502052
135.36935052210157
136.35378915593475
137.3505297226361
138.35374004704286
139.34846703600255
140.34634357338754
141.3373656435227
142.35006740054266
143.32925711349205
144.33201026864282
145.34492062393036
146.3238382766716
147.3196483660172
148.32521732343017
149.31398984265016
150.30422365611724
151.32252664522164
152.30665834776528
153.30736115156714
154.30574707611004
155.28661031765267
156.29046859229425
157.29662485808356
158.29801863199583
159.29985886039302
160.30147382400733
161.28248482459665
162.2738279919935
163.2864593522754
164.29135987428074
165.28103169133502
166.2842919754276
167.26491327410707
168.28288827640966
169.27633135508162
170.26649058498992
171.28497278395443
172.25117951875163
173.25217578183845
174.27601678882726
175.24723538397703
176.25231001657633
177.27908978408334
178.3068411331525
179.250428402557
0.037919815661829705
178.69239392629729
177.75090121999088
176.72934589693466
175.70566839760937
174.75228372356213
173.73294451044006
172.737064567286
171.7535083964782
