171.18047541513766
170.3299768965058
169.49598691592928
168.489667189692
112.51373475910648
113.49794502317384
114.49921880292302
115.49953742731515
116.49505628048504
117.48919011191283
118.48027909137427
119.48358569773141
120.49496507370816
121.50158274042494
122.49965299874093
123.5220908055564
124.50999026288544
125.51919600620641
126.50864323511985
127.52299072464389
128.50758500323352
129.5128023331263
130.5103765670458
131.51625031852836
132.50198358566345
133.500749308595
134.48981080817143
135.49563444020202
136.48058546781766
137.48958899770363
138.4820417510049
139.5005625801632
140.4972289346345
141.50644317311293
142.5047342188778
143.51015744191182
144.51104635987357
145.48768748551836
146.48563039847033
147.4989772610812
148.49068684059228
149.473513812805
150.47922402054385
151.47249534740953
152.4832413563306
153.477118567906
154.48076300756517
155.4851625635674
156.4808320847265
157.47715411456588
158.46866923899205
159.46709358732625
160.47351613204725
161.48005474112904
162.46568023498043
163.46879040313465
164.4675126163987
165.46902414587927
166.46115704576533
167.4529083595243
168.44166838655667
169.4723430970286
170.4683334965093
171.45556521693734
172.45990688092382
173.44737634381917
174.46052006301804
175.4440014590083
176.45559263294518
177.42745633419875
178.46456648691327
176.97784604374766
164.51853117798123
174.08080202891648
174.66661142013493
175.01834695507526
174.339353069663
173.55554785624008
172.85878967445868
