170.76735249759182
169.8142872353002
168.84653633361657
167.917881080455
112.14483275854398
113.14629239998612
114.15222556256296
115.13963835628539
116.14300837953537
117.13639986457827
118.14540106467771
119.14289224580726
120.13945034372438
121.1268534887309
122.14168888318285
123.13692667348977
124.13470152389547
125.13616152845093
126.11404088486069
127.1305054020065
128.1400727769088
129.11760979260333
130.1186595092513
131.1238523819285
132.13057446288144
133.1181703433518
134.11992547636
135.10672433659786
136.11289772263675
137.11503865969627
138.10455708477465
139.1047740508562
140.10860809917185
141.10128765882757
142.10826452937172
143.10043224460412
144.0883035036714
145.08857535513235
146.09277580626195
147.08397483107802
148.0919403812911
149.0932576549326
150.08772680944747
151.08876611024525
152.1022244760499
153.08225578328071
154.0910065657024
155.07733833131053
156.07802369799828
157.06916469640427
158.08363854410922
159.0749905150494
160.08127196199158
161.06798849613003
162.06484654806482
163.0612265217759
164.0698319841643
165.054394155719
166.0661745487788
167.07749738185623
168.05773737969267
169.0526525827881
170.0491541849347
171.05001575608145
172.02583017760816
173.0496349251546
174.00214596147907
175.00008249984924
175.9969020999208
177.0148382694659
1.8710641671252626
40.432098919988846
0.08200618378744869
176.67590771022057
177.1809222843431
176.18059588637772
175.18600923064963
174.66365652942932
173.63460981865236
