136.89388085368586
137.89306560244856
138.8974027290028
139.8876390501916
48.80822469459875
130.1947427123195
50.81402609241046
51.80864490796964
52.822564825784696
53.81710458664875
54.82728214927849
55.82379271672683
56.822027544507804
57.81747493799392
58.821490559229545
59.813154809063924
60.818319558258
61.81658166472839
62.818623204525124
63.81879243148782
64.81460905488056
65.81391300033502
66.80947764401147
67.8154690949672
68.80282557472482
69.81657181422405
70.81677447662865
71.81247452706947
72.79817704567434
73.80449694931484
74.80740565298612
75.80947025424481
76.81285537179689
77.81005513405505
78.8239887296187
79.8084182440468
80.80641442604151
81.8185092694765
82.81663130152742
83.81471310445029
84.81051139177377
85.81434370284457
86.81915050924768
87.81473061264353
88.8128750226877
89.80982560631963
90.82011862998333
91.82989114018955
92.83549777608367
93.8245880674986
94.81168322273938
95.82711202613713
96.8201490495604
97.82201192672193
98.8181697529665
99.82065349523225
100.82825561844403
101.81882627987635
102.83100213116022
103.8193615501973
104.82084219015044
105.80660987946422
106.82559639428587
107.81774673386343
108.81999753997316
109.82579165925493
110.8365667478192
111.82848377287505
112.8211655000087
113.82059425202446
114.82948240423092
115.81736866883233
116.83113198989602
117.81928417317448
118.82555308821927
119.82417137909975
120.8250886654594
121.81694194846901
122.83210747509119
