89.38732533242637
51.75603434910111
122.78877454224705
132.77133381626967
102.90659559198254
103.92732525418299
104.92968034777442
105.90902195160034
106.909105828689
107.90631645431928
108.91507386911573
109.9066760256315
110.91588355942119
111.91526259676854
112.9099200162671
113.91749405068722
114.91086835739596
115.91777199340102
116.90194189229268
117.92163370412317
118.92745857563042
119.92677407908272
120.92291121408596
121.92954502667699
122.94147828708829
123.91943778971938
124.92272827900221
125.93116668619847
126.94264000850134
127.93780587780857
128.94116529148494
129.92655487486968
130.9376796443081
131.9482200308108
132.92914419645714
133.93443181896941
134.94626672233596
135.95368107564454
136.9486227851687
137.95742207679072
138.9538612738153
139.94985536532306
140.96058724397275
141.94975019598613
142.9561238154455
143.96343029926214
144.9662655001873
145.96452399440628
146.97229339034007
147.97073499103098
148.96763155124597
149.98286272025197
150.96685631297714
151.9812579411008
152.97093001428667
153.9762219826523
154.9857078626868
155.9883782819521
156.96851236147788
157.97144791231722
158.9856320354437
159.9757056561581
160.9842757964793
161.9833206112546
162.9879499978565
163.98022640633252
164.985893183124
165.96984355752954
166.9501206093348
167.99185125700708
168.95176050478528
169.9443761007884
170.93859401411922
171.97110704758475
172.94335060327728
173.93607343426044
174.93407355720993
175.9488582341756
176.92300548501055
