172.66075413200417
171.7063054478074
170.72934688417197
169.74710626363589
110.33372529644616
111.35058358857754
112.3474328044793
113.35045028041245
114.33382512917231
115.32672216421149
116.33604391114179
117.34005445739699
118.32839219406263
119.3401918836657
120.34095830374777
121.34115263601481
122.32943041106515
123.32989262172904
124.32838649046894
125.32590750617328
126.32582005496015
127.32642996513863
128.32927843235163
129.32893294042927
130.319498858917
131.31894816891798
132.32791237497358
133.31796961211478
134.32086544006603
135.32075497333844
136.31452978613788
137.3122543850489
138.30656501219045
139.32560984176936
140.31583874973953
141.31339271535407
142.30573247198186
143.31474054770948
144.31539908172255
145.30711882662635
146.30636628835376
147.32121473250106
148.31793683721523
149.32232329628312
150.3155565396132
151.3030500466062
152.30484936033628
153.29849250410305
154.29597314535982
155.29177413326428
156.30270076258637
157.3114902989299
158.30957621184325
159.30855709267826
160.29504188525078
161.28509272986375
162.30530504132867
163.28772948589514
164.29599813585745
165.30639851954047
166.30805150696227
167.29953411331093
168.3015923406439
169.28877601130142
170.28041001522513
171.28469914138225
172.2821557674356
173.29997073039607
174.30482739686252
175.3027770421921
176.01941482802349
176.82065715026894
177.02004249306808
164.4544402788782
131.99561715068893
178.057972109419
177.70463823893553
176.69027768450118
175.68688542856444
