149.95386873955306
150.9451018277354
151.95403264912107
152.9565979021004
61.890806074749165
62.89043039509853
63.90403221975953
64.89184932908333
65.90076594256504
66.88509377929597
67.88892173566322
68.8890343994427
69.90496637593664
70.87996384092429
71.87401259665242
72.87131168659064
73.8844940373122
74.89138926375014
75.88893188327624
76.88939162996276
77.87792940628444
78.89125208863592
79.88305765501666
80.90210138251155
81.88901622964791
82.89591898259762
83.89366406582957
84.89621951050313
85.90006712128643
86.8977848451013
87.88966082476412
88.88669571807806
89.8783490588586
90.88562693352937
91.89617964764396
92.8968514235138
93.88279231100725
94.89605424212684
95.8838937315583
96.89609685102752
97.89163532468498
98.89907562426714
99.89429140420854
100.91249051803781
101.8981812805375
102.88554472604542
103.88984916141906
104.88635858062548
105.89618589237932
106.88120186213253
107.88801917343582
108.89031450118283
109.88588169084373
110.87336596552532
111.87946439511055
112.87987306398338
113.87738817130408
114.89036069741519
115.87453699795098
116.88098136619283
117.87735563214032
118.88515735160505
119.88219809745146
120.88454640223368
121.87876336382234
122.85953483544628
123.8706236680635
124.87966441496607
125.88607128589408
126.87683407669923
127.87444179899065
128.8824258722326
129.88459662874996
130.8804103841945
131.88007298282048
132.8769753799317
133.8892170698503
134.86681624705648
135.8795575033575
