38.84618765116107
37.83741741841502
36.84174091618128
28.26202402157081
113.93354772826136
114.92813706690245
115.93388964445141
116.92603061243202
117.92586930639148
118.91766769109789
119.91779474096425
120.91592202438103
121.91693142198699
122.91021395843315
123.91878898928552
124.91784644450425
125.91806477450851
126.92387065694638
127.90366785577267
128.91550594578672
129.90457402407006
130.9022969802956
131.900415478468
132.90866826923067
133.8995329041283
134.90841997825387
135.8940879443675
136.88923336988566
137.8990513693563
138.89062154149238
139.88716926771087
140.8974801992621
141.9015301494167
142.89606346544844
143.8889125608149
144.8940287050044
145.88272365910603
146.88465993908054
147.8871826831261
148.88950721238967
149.89058483086603
150.89021063999067
151.8807048395172
152.88506279009204
153.89372976321627
154.8871553266694
155.88690850227783
156.8829396099478
157.87773759666223
158.88998351796943
159.88919436677435
160.8846298592802
161.88706356892925
162.88595559059954
163.8730211372802
164.87644585253759
165.86845078429852
166.8815206895141
167.8783090601871
168.90556461285158
169.88417105502452
170.90936407027922
171.88803829277435
172.86074340933132
173.89599837967074
174.8623364732393
175.89452532532488
176.86080294401935
177.90303662405415
178.90452149894267
0.07100255617109057
0.939787802537125
178.09376276859496
177.05035629463296
176.09002775481207
175.12826665662348
174.0834656814747
173.04897867084978
172.07388172056113
