38.83193381413024
37.821605754818314
36.81899234255353
35.82092370962886
113.83268608142357
112.83479224597777
111.82430509657534
110.82482157885309
109.8364508795302
108.82996793474656
107.82777511283122
106.83257277855589
105.82787985629498
104.84626777836338
103.84106353098646
102.84683799988728
101.8411358407742
100.83529482613801
99.84069972842427
98.83963131348071
97.83477030638356
96.83758599139999
95.8307808111334
94.8434023263893
93.83291903694273
92.83701160039112
91.8382830281742
90.82843822457588
89.83358035053647
88.83098211140495
87.83402454018969
86.83492770071682
85.83231577815155
84.82785856151516
83.82882684117055
82.83255153770145
81.84341991936022
80.83341491257212
79.82842527993013
78.82809117075679
77.82999226893615
76.82976912296766
75.82282038116767
74.82317658165397
73.82694720583785
72.82387952541313
71.8275562097055
70.82239279068548
69.82529974627859
68.8364799449591
67.82478438607308
66.82627764275408
65.83005416282715
64.81962932324932
63.82982416084374
62.83020058149374
61.81949381613817
60.82233274191376
59.8244102491331
58.81936450858512
57.823085949846586
56.82106935431032
55.83155622764991
54.82742780212949
53.82195972159332
52.82110530625325
51.81842572717895
50.83054202151484
49.82983245374573
48.830780262807
47.82374806322661
46.8272799055531
45.831159262466365
44.82645543256951
43.82969935743878
42.819427460833936
41.82842729469126
40.827876324800506
39.82329581518841
