173.98596894028526
172.9576708297102
172.23871466507975
171.32392327721345
109.44945369818298
110.45799435720292
111.45502220942781
112.4611057464925
113.45909404169467
114.47431572660545
115.45401964388908
116.46543317500105
117.47261761097965
118.4599233110742
119.4627847139835
120.46289645372103
121.47007427497556
122.4575691976953
123.46262469608162
124.46161924380472
125.46326388278841
126.4625189784345
127.46662599398606
128.45227527348058
129.45758484127376
130.45900308226885
131.44591692833367
132.4675184197232
133.44942015497733
134.45292086971162
135.45238261818298
136.45820824172114
137.45147116152975
138.45241382459722
139.4613117044048
140.45750899426557
141.4609458980457
142.44093120497845
143.44087520857985
144.45082272553108
145.44193061427504
146.42592840545169
147.44977824313833
148.44217270581484
149.43012347670845
150.43903047454583
151.43216939072428
152.42933955069074
153.4199743405926
154.41671686140043
155.4357349623533
156.4501223558293
157.44089241167373
158.42673339835716
159.433955354911
160.432412129164
161.42413845510958
162.43287517842504
163.42823979389152
164.42321669784488
165.4193206014645
166.43963297324393
167.4097536200966
168.41054252222622
169.41375085785583
170.41666322044904
171.39998704122783
172.40810500730316
173.40127802267386
174.4049519724649
175.42727312324905
176.4114744941575
177.3966149705333
177.03959024570338
177.92024937264244
0.4109053525683318
44.50338593796898
176.36366436117106
175.90383243922398
