36.708833336595575
35.71290977474877
34.70591928873614
33.70157758515552
111.71794283881269
110.72052195261298
109.72848158750365
108.73026654558105
107.74079574244526
106.73007318010724
105.73147182666334
104.7176420044007
103.71160042586132
102.74967683983792
101.72977858582243
100.74519955057825
99.72385051418708
98.73793065740136
97.72139883404266
96.73684342865518
95.73435034054764
94.71656640891835
93.73870659451299
92.72828634917494
91.72889041071012
90.72719759123554
89.71486399125125
88.71919814575257
87.71576109258602
86.71193413529559
85.74519811417368
84.73661757496194
83.72368368873782
82.74190692408463
81.74443745558716
80.7363589882931
79.74249953956934
78.71024506455326
77.71232341629565
76.73157845397047
75.73066837350979
74.72916315453776
73.72819235157147
72.74296859692069
71.74394833311315
70.72374286572108
69.73743320046529
68.72469705704336
67.71505781296261
66.74672801456276
65.74114332296378
64.75019435691173
63.73058422330888
62.73405596560066
61.724174162986564
60.746064963239476
59.74130397972781
58.728358588495155
57.748105003669146
56.751076151801136
55.73796237428851
54.73798003768831
53.72052778615334
52.731134341906454
51.732047342700646
50.71728940793683
49.74197593456187
48.733802166907374
47.71450440237693
46.72407545066038
45.72569179121463
44.73091669165287
43.72460569988911
42.70855244511106
41.71329434499402
40.73269453758661
39.71691872988755
38.72772874951947
37.713031606956285
