86.685080294193
88.7646118376143
82.79100326822235
85.59057452494221
114.40136598971723
115.41208827192315
116.40179133034933
117.37610609138855
118.38051289276568
119.38377868518943
120.4005345775962
121.39147275287526
122.39193676499876
123.40262689917449
124.3864658122074
125.38352209603732
126.37199324075715
127.36360463335512
128.36798041063884
129.3808166893658
130.3674974211308
131.37151957667544
132.37121859666237
133.37662048630187
134.36616878271852
135.36944334734844
136.35427595413674
137.3509732963258
138.3548298773067
139.34917193502946
140.34528866288034
141.33667767414187
142.35059156012403
143.32970595390543
144.33113447826443
145.34419578105815
146.32177273759206
147.31916040743533
148.3226451510626
149.31360416742842
150.30448090170782
151.32073974724432
152.3070817239223
153.30854521719326
154.30514977473482
155.28805444266956
156.29080004600678
157.2979863468747
158.29859408210854
159.29945403270622
160.29790265954333
161.28376232780036
162.2761500425001
163.2885747998446
164.28841053736838
165.28395742494888
166.28157698433014
167.27064405506343
168.27903675125708
169.27982705875812
170.2614231763459
171.27710577144518
172.2572512569845
173.25118834808748
174.2708448427662
175.26763456219714
176.2433070071071
177.25878285036197
178.2720490269951
179.22737620746156
19.593563722998102
173.130867258974
175.06373201297856
175.25163273513272
175.041335500302
174.37703447561472
173.74061049753237
172.74089216647795
171.74820070153694
