176.1364100324473
177.14405151457524
178.1343521276154
179.12872460599434
88.0337471677657
89.04633025670374
90.0419947002536
91.03164162288125
92.03349749803199
93.03903530578414
94.03369215229213
95.04083347068604
96.0447486336301
97.04104746308649
98.03936064137058
99.03320576287997
100.03644859844611
101.03341986441485
102.02911643645696
103.02787868722653
104.03944766838919
105.02991368774956
106.0313955514379
107.02973736551651
108.0239203968016
109.01415858016425
110.02550408183708
111.03427431708303
112.0218962275552
113.01642906208157
114.02986006476321
115.01398120267618
116.03064771352008
117.0327909100633
118.03657753189928
119.03202617811134
120.04032895089797
121.03328152324201
122.03100981933098
123.03240635131232
124.02838122391238
125.0336268720227
126.0448826533562
127.03955752904405
128.041971526651
129.0444776058849
130.04616639362064
131.04394702864627
132.04304748157296
133.04364179571814
134.032121471573
135.05583244657717
136.04123611070847
137.03549913566755
138.04263562000224
139.03873393778224
140.04172792370434
141.03130538574436
142.04135413290606
143.04210788127662
144.0424526215578
145.03933888018622
146.048484772325
147.04361392467712
148.0409919070059
149.0462514642462
150.0398564707045
151.03657538236408
152.04566307743943
153.04666172735347
154.04844664699235
155.0578168154872
156.04720928195508
157.03671138874165
158.043803830458
159.0453499635551
160.04125479831404
161.0373916262235
162.05259932366863
