38.77378210171062
37.77479205731163
36.77615121366953
35.77466812018732
113.80524616224375
112.80736246114483
111.79883047707268
110.80298193833863
109.79561385652256
108.79428733037467
107.80416830528854
106.80489302109754
105.81121562630946
104.81005242162962
103.80405255607582
102.80514031363556
101.80054097680363
100.80123871270128
99.80933257696523
98.80320338684416
97.80639610233351
96.79485299103806
95.79603712721199
94.79781880536157
93.79302078966916
92.80422302448872
91.80829395711937
90.80587923256181
89.80140659096016
88.79761055695678
87.7899511440922
86.80276575638982
85.79478015781207
84.79707897152774
83.79285873370434
82.80208416337051
81.8046276319409
80.78668350720659
79.79098135867201
78.80111068825839
77.78907274642805
76.79528130952305
75.7864602084769
74.79921307197701
73.78969699966518
72.79205888723325
71.79431178764605
70.78092186238554
69.79517450730627
68.80019514290785
67.78726945939133
66.78121118367544
65.79163638791265
64.78567553824516
63.79554397544902
62.785294712694764
61.78374597833068
60.779121006571785
59.78737756927192
58.77679633751315
57.78281318728817
56.78106886678212
55.78246828701419
54.778730108142305
53.786568694111125
52.784776275198226
51.779677539835205
50.79652043946186
49.79506386800476
48.77934734825348
47.78041819738729
46.792865338177464
45.7897874181686
44.78655890363064
43.7922667529618
42.795913899629255
41.79605285189135
40.79178272563078
39.778745862662035
