172.9082912176494
171.8914313400338
170.90472443680466
169.8933768245656
110.33323291514132
111.35000487049018
112.34818795923833
113.34951632251109
114.33256958821843
115.32592375091615
116.33535898540144
117.33852312314397
118.32639875714155
119.33828607339453
120.34125845861848
121.33950611687146
122.32878385291686
123.3286690365707
124.32702275638592
125.32688003680043
126.32137661426661
127.32699565385744
128.32541288979644
129.3300185055609
130.31886669502356
131.31705268512067
132.32760723185217
133.31764323499496
134.32165331981886
135.31964208980463
136.31215128043007
137.31052796131667
138.30518050297476
139.32589132900597
140.3173423620548
141.3113798284889
142.30580494828365
143.31221933740957
144.31351038073973
145.304124208296
146.30778208572784
147.32036885366438
148.31958827729895
149.31972757521257
150.31415809225308
151.30472026212365
152.30201122827162
153.29700698719375
154.2971139490491
155.2925319675618
156.30203848367168
157.31270415085228
158.31323724137826
159.3072934377028
160.2937113300602
161.28288010252462
162.30375937312309
163.2821176998549
164.299541251891
165.30070996076824
166.31471219828003
167.2986256996045
168.3089732345323
169.2957665032438
170.26995924525926
171.30206871040997
172.27623624878035
173.31776686919727
174.28517156130408
175.32522192516672
176.28385263000519
177.3311359322095
178.28441875724567
179.23797944716668
179.61866616045464
178.66789020939325
177.71291893198674
176.6669422077381
175.70909836498214
