68.96381996943978
53.86047534203643
40.22423136303616
58.153742988862476
110.3825961949622
111.39875532493124
112.39589499258864
113.39106242430799
114.38298487336488
115.38477817079168
116.3815259421398
117.38420484165636
118.39725650578781
119.38512542671359
120.38053708399596
121.39910233532154
122.3806364615169
123.37927102888051
124.38009603830977
125.38633164755369
126.37562568439054
127.3926409881855
128.3859173402155
129.38775704965656
130.3978691336167
131.38458521729112
132.37583635410184
133.3846169891969
134.3785251352776
135.3950392463251
136.3962573444185
137.38371542409467
138.38871879113654
139.38548098574094
140.38794299045563
141.39145329365763
142.3777327977823
143.3810583859753
144.39835164585625
145.3924854435808
146.3735925300222
147.38806871342067
148.3973774398614
149.39470757881676
150.39681988357236
151.3970982826235
152.39011965219495
153.3976708243268
154.39516770295623
155.40007268290594
156.38068702510785
157.38514692909104
158.37340056246413
159.3890003424906
160.3794663844234
161.41286391709446
162.3803388659194
163.37238981773822
164.36319809040828
165.37913805631078
166.38136839646742
167.3869904604511
168.37964488357562
169.3809612582949
170.38557090955985
171.38439962415887
172.37673506228518
173.3789949561102
174.37655733047498
175.3740281538244
176.37205720222727
177.3726382705099
178.34889808254445
179.27790397994715
179.63737332603748
178.64181227572934
177.64685202038987
176.64862899728686
175.64371000076332
