38.797840165452754
37.791425060548896
36.79009803035721
35.78602117660593
113.8112225624202
112.8059370963431
111.81424508623589
110.80985714677233
109.8083049485002
108.8070154940349
107.81384458854917
106.81270380684708
105.81340339207537
104.82597099475257
103.82100769882697
102.8161701605131
101.81458513386168
100.81018358964599
99.82598464153334
98.80990329016147
97.80668883942002
96.81189486510686
95.81062453551479
94.80501465841304
93.80306888538207
92.80811699796897
91.80696977976334
90.79962095967926
89.80648557710698
88.80599838913304
87.81391482973744
86.81529913975655
85.81605159456856
84.81846933166965
83.812685327629
82.80242725052251
81.8173416234138
80.8102032742712
79.80253338721867
78.80335693321123
77.80733463038536
76.81035440142075
75.80339140509187
74.80408417844889
73.80281980225956
72.80385039339848
71.80565029406479
70.79239123363857
69.8016458926686
68.80135456400443
67.79934896272505
66.79660821175487
65.80587440951649
64.78815155724607
63.80215612720092
62.802993731134
61.792386596934406
60.79236256261712
59.798720190112284
58.80020678604916
57.787531617728526
56.800180140587514
55.802288684679525
54.796688089139586
53.79924289503108
52.79229467682531
51.79572865568618
50.793529299456296
49.80588356317389
48.79446854231279
47.79366157677342
46.798765024386555
45.80261057817424
44.80129236554824
43.79871971028383
42.794405924386716
41.80046364880523
40.80907150181995
39.79865907213794
