170.72939211464276
169.7301333854434
168.73070005288346
167.71558129233136
113.44805833218935
114.44497843524363
115.44808671798066
116.44128753526874
117.45169835173711
118.42789595219085
119.41241880213737
120.42949257280377
121.4286941244065
122.45487293592207
123.44970255393018
124.44600547180613
125.45396034251817
126.43817268504081
127.44581928018009
128.43399490405974
129.45329187945487
130.4360456705158
131.44939460198034
132.44009522009316
133.44792625388743
134.44038827487276
135.44285710929123
136.41609582461643
137.42113966862343
138.42234145471429
139.4121151567385
140.4140762636966
141.42315468008428
142.43567898076708
143.41977650258565
144.42442526017302
145.40007658746129
146.41070820100654
147.4121004878811
148.40431938282273
149.38875719849426
150.3898279442004
151.39130272533083
152.4027364477734
153.38650196314953
154.38012745228798
155.38481330369487
156.38192350178207
157.39268836685198
158.38148557373736
159.3661604064925
160.38055284427384
161.38184861946718
162.3567699948707
163.35986609637413
164.38109545605812
165.36983537914105
166.36966470463872
167.34687242171805
168.36636600105956
169.36098608506308
170.35508506984448
171.3517824439468
172.33110847297075
173.34755872921477
174.3657237644081
175.32056045795352
176.3465950436886
177.37303499283013
178.31784300857584
179.34253630657278
0.382125355552555
178.68399086589525
177.6574905025367
176.6318788055937
175.6739360833751
174.65116175434045
173.625786941189
172.64248196690096
