36.767189008016
35.75859837460592
34.75341840782689
33.74860141502215
111.77742182406226
110.75929401884062
109.75217020850518
108.77189470107481
107.77498820794786
106.78139793578308
105.75993455777561
104.76756885462072
103.7576408532748
102.76288579760391
101.77499891846526
100.77867931264882
99.77565127148307
98.76620253328069
97.77565056024983
96.77872287328945
95.7867198567001
94.76712226206101
93.77988124228095
92.78132753781169
91.78011972117258
90.76058597661444
89.78013559284555
88.77911793972311
87.78709566701788
86.7742617945132
85.78552772863183
84.78225090743204
83.76607360345912
82.78339996738708
81.77447569719104
80.77929315893624
79.7919288020329
78.77888699646503
77.76985342008633
76.78932190276907
75.79015945146313
74.76334074130119
73.77337062410434
72.78064240427295
71.78659449112257
70.77221863642332
69.77803119432753
68.77704440444782
67.77285242233161
66.77109823322313
65.78474897006609
64.78208760335369
63.784683786936476
62.76779654074466
61.776283016754626
60.76676107923153
59.7734530600112
58.76821152436047
57.759686488030404
56.770700267827586
55.75853000733753
54.768264723324776
53.770505986403165
52.78580242741812
51.760730366018564
50.763244797441835
49.7697316509632
48.78085309387013
47.771663291429356
46.75459216143993
45.758983766533454
44.76311356773595
43.76531080238516
42.774591817886375
41.760177758204655
40.76110412361855
39.78247062943434
38.762441450965746
37.743796862709075
