178.04505816318002
177.3192698956154
176.32778252224844
175.30979385250973
105.79128055833787
106.7863968140423
107.780576093343
108.7902964190952
109.78984721046979
110.78865931204888
111.7785977302932
112.78228738561505
113.7882033164274
114.78274188222049
115.78556962683375
116.79568017100388
117.79199606384996
118.78796772606282
119.79582845641582
120.79042820166114
121.79786684013959
122.79624321387456
123.79274009351523
55.21684155338493
125.7991409279841
126.7892053366398
127.79548130819418
128.78643083259772
129.77944762376072
130.7870559888346
131.79628192264445
132.79931425723052
133.79047331877473
134.80307602229405
135.7985597420457
136.79277175179192
137.79458555937504
138.79566251531057
139.7966757480382
140.79826808771904
141.80340290829017
142.79231752720455
143.7941449745611
144.79339559952953
145.7963609985803
146.79960579714643
147.79849977256723
148.78758398506514
149.79850529603553
150.79410712944923
151.80027140301587
152.79858595519482
153.79315480081186
154.79786528778754
155.78936460561596
156.79672019975501
157.79842588609654
158.75165406577293
159.74342102096801
160.7029544093621
161.70673009421165
162.6843627411066
163.61935392692214
164.61255647910855
165.528099296198
166.52613939645255
167.557540401557
168.55562594587659
169.43885166946296
170.2975807205166
171.2241164141571
172.15849219239124
173.06079895038394
173.921629298626
174.7143406843786
175.33016813296032
175.54679164848125
173.96601260612698
7.1497797759234
