162.94023647886405
163.93858371112526
164.94514510940576
165.93170948327403
74.97762820313167
75.97071549460854
76.96154291428144
77.95389435518086
78.95163336620259
79.9549632659781
80.95675141601497
81.94542103554463
82.96470210626632
83.95814879875599
84.95760933183762
85.94943103482446
86.96713288502788
87.95323711419965
88.97229699517979
89.96550340939369
90.9587512496928
91.96168618892669
92.9462526961898
93.94539587474324
94.95831806700558
95.95477525719889
96.95795788868193
97.95619896326498
98.96072772288449
99.95842666719714
100.96064301409683
101.95521619180087
102.95702163424755
103.96243794866712
104.9555479478082
105.95858202772868
106.95396752766048
107.9560048138975
108.9579409525253
109.95773187031614
110.9615805691452
111.94527839170877
112.93986987439291
113.94930844091037
114.95167439712236
115.95195012490335
116.96219075632212
117.95336121989385
118.95401162735186
119.94512124865008
120.95282221098483
121.95693587430605
122.95054033207323
123.96281789727587
124.96032415543101
125.9583778945158
126.95463372368832
127.94726402638317
128.94530559806566
129.95221684381087
130.9435597813424
131.94852252454947
132.95181212710472
133.9554197697928
134.95188538156592
135.9529615763137
136.95093037358438
137.95220917903757
138.9600913622833
139.96262161569663
140.95368974823873
141.96315899764517
142.96147997035212
143.95104942766298
144.95817839966534
145.95337162019405
146.95896951397532
147.9507911017796
148.94535738387103
