38.832333146005624
37.820712937224
36.819737610448406
35.81968984620478
113.83408819521742
112.83263771858766
111.82468530891029
110.82501317552621
109.83571653809744
108.83010009392035
107.82661254282014
106.83294343542882
105.82825486062231
104.84641238284334
103.84133155651621
102.84786418103769
101.84254471072163
100.83529498153455
99.84122858339072
98.84035150862073
97.83210785462778
96.83654155298493
95.82893155886151
94.8424875332595
93.83186727990967
92.83565355695366
91.83356863162818
90.83325801088787
89.82951062268187
88.83214999464808
87.8327316406725
86.83643158045494
85.83589074167661
84.82605333638672
83.83032691275086
82.82949996837365
81.84474175770974
80.83185769676135
79.82675543282737
78.82820972636569
77.83046010772934
76.83085889546065
75.82017772421231
74.82454519411678
73.8262843543011
72.82346100504756
71.82700507993684
70.82420948894473
69.82679123793953
68.83628098286505
67.82341951434447
66.82644121043906
65.83053340967203
64.8192209023049
63.829318327027764
62.828554352493235
61.81801489231404
60.82377370814244
59.82310203875495
58.819534868668434
57.82233500072942
56.82096362400704
55.8318053397085
54.82795232899747
53.82161352836373
52.82311493617428
51.81876035105641
50.829948598754974
49.82893734912459
48.83071780707785
47.82361235958937
46.82772834574224
45.832623189854466
44.82604490988257
43.83018936912943
42.81961589967468
41.82770673331173
40.82874594116981
39.82375157694907
