177.43137451115308
176.42672354792415
175.43978616014775
174.43027350209712
106.67116983971484
107.68533074868904
108.6818811040528
109.66413812528587
110.65318441427205
111.6620555097566
112.66836917963035
113.68069924442196
114.6669059137006
115.66740371549136
116.67526636394818
117.68520657520696
118.66374912902023
119.66771907094532
120.67194356530186
121.67861184028503
122.67638663725066
123.68222222003777
124.67717790992151
125.67476465881461
126.68018791669246
127.66848521899794
128.66188163892184
129.66131165422104
130.6665616899434
131.6673766456135
132.66663466505534
133.67439123429236
134.67456636677446
135.67775113386784
136.68152120377732
137.6772225217607
138.66538993265408
139.6702688564746
140.69229298243252
141.67526769278894
142.67192527222127
143.6771256308677
144.69850348991744
145.67321924342022
146.64493002879877
147.65216383562412
148.6448837112213
149.60505867134668
150.61785688275614
151.6018092301703
152.59446540961278
153.59326569940703
154.58033294898024
155.58963293392566
156.58599136358308
157.6003846549317
158.55486195328018
159.50616278137062
160.48051352954218
161.49535027386023
162.418424731751
163.4255094514506
164.44187622423667
165.40175614075284
166.34409617717242
167.3159314165779
168.31655869666739
169.1917941653581
170.06163722954008
171.05446651405927
172.06361499783384
173.0028569113103
15.680736471066474
4.36742525487827
3.3575668967786036
14.311031051541878
14.116258355420873
3.0765268512926234
0.671749574776217
