36.792194593221915
35.77165281697906
34.76050784107234
151.29890748741462
113.70391649709318
112.70635290321506
111.67995695844488
110.6933446418469
109.82337333352281
108.81661453179186
107.81437084999439
106.79557191626267
105.8044679438314
104.82412866258
103.82137130869836
102.82118727751418
101.8141501804748
100.8080120030649
99.829510200192
98.81751251657569
97.82437215024301
96.82436570650108
95.81955877315397
94.82561717282776
93.81942678337113
92.8229288304091
91.82139831741799
90.81433934207246
89.81311002680424
88.80658831642779
87.80931130023268
86.81508358163633
85.81801982119534
84.80017332897857
83.8037288734051
82.7985004145693
81.80159430282932
80.79466324678556
79.79435469941076
78.79767888009229
77.79715871724956
76.80362371319623
75.79334302822521
74.79121537771877
73.79078116651912
72.78762695307269
71.78476314733994
70.78229213952338
69.7814185852453
68.7862409626407
67.785581405096
66.78649880464795
65.78286934824044
64.77118919367157
63.786215730463866
62.780420200287395
61.770608986641776
60.771431119885555
59.7793338863759
58.783422320908045
57.774477648966624
56.77610831709699
55.78360652203136
54.77550668843708
53.77693763682275
52.77421363733984
51.77066449364437
50.784086690210344
49.77726385087039
48.77679494046621
47.77248222462488
46.769313581920116
45.78780507047979
44.77343555890215
43.771802491814064
42.77699410366074
41.775651157549134
40.77111037658792
39.771161407468256
