174.66925479348288
173.7087837778177
172.73104447157854
171.69955333130335
108.54147803882145
109.5534288463281
110.5509540832035
111.54570248783949
112.54621080993896
113.53101078139522
114.53747039885083
115.55009415681097
116.53891581579694
117.53696539074784
118.54347569059397
119.54017359614078
120.5329254166647
121.52796424113684
122.52262251218632
123.53091482156715
124.52825218364487
125.51171990065673
126.53373565312681
127.52916904680578
128.5316106682092
129.52621776152506
130.52680153213004
131.53163479006983
132.52530408577417
133.5143012326575
134.52075602651283
135.51543497197292
136.52029896338917
137.51643955027737
138.5201795465048
139.5173890403894
140.51466675455214
141.51303133138458
142.5273993499022
143.50875584914425
144.5169855565883
145.51856269346294
146.50528617840206
147.53026595097535
148.5281651185734
149.5095191786537
150.51220102834318
151.51207939238122
152.5056572409921
153.498516599554
154.51776434551147
155.5150024139809
156.53061125778848
157.50558870788592
158.48876047533273
159.49968903943503
160.49587704141936
161.49959142704327
162.50360353780042
163.53788411492366
164.50849634701623
165.4850963784171
166.52847122516533
167.50272025651742
168.49539028149087
169.49843279028337
170.52070231597423
171.500006070547
172.45983952225993
173.50653628984222
174.47610830245608
175.51837846136044
176.47249951361556
177.51921185996935
178.47585747616282
179.42958751772107
0.5381830258976557
178.42766439051155
177.42342816973115
