19.988322352900553
14.795842308788144
132.6745860987183
34.391728029720205
101.09675545594145
102.11020004307008
103.09519053114167
104.10046579689387
105.10114918821564
106.09470417252128
107.09861161824522
108.09644812407602
109.11058745196894
110.09151454770182
111.0996779644505
112.0986522147664
113.09605615552255
114.0925772885771
115.09895938472178
116.099242094313
117.09885843114206
118.097131993835
119.09219847358766
120.09622249866653
121.10532567342456
122.1085991304637
123.09241239029825
124.10282259429486
125.09611275668406
126.09901585111805
127.10032403644027
128.10268900198994
129.1162496985355
130.1177343982798
131.1221032143138
132.10357970774572
133.10503109583192
134.10367164300993
135.1134568408399
136.11389512556687
137.10551418885603
138.11682066504224
139.10943430923464
140.1030081818622
141.11956619500128
142.12457884740382
143.1256758647927
144.11474482293985
145.12345196572406
146.11914033906635
147.11859033419807
148.1121447697874
149.12739086246532
150.1262678419108
151.1149691634318
152.11505436757722
153.12604931445622
154.11875281747842
155.1391016346369
156.1327459158198
157.12738597306796
158.1166797594951
159.11648638265896
160.1147157764367
161.114749780478
162.12543161307528
163.1271209986283
164.12280296246564
165.11990463711186
166.11863712292978
167.12069844029318
168.11511663455548
169.1122509578223
170.1025411534295
8.884714587029961
172.10945032438227
173.1188853996139
174.093628482522
175.0979805501013
