149.9689172630166
150.95962190648268
151.97015603998142
152.97242874819506
61.890518597197314
62.88932527439122
63.90405789703493
64.89135786434606
65.90012759635432
66.88514836379602
67.88933048378415
68.88898323825005
69.90457134130338
70.87947125276132
71.8741380335552
72.87172246113904
73.88421401077717
74.89073325241769
75.88861129476417
76.88943356666708
77.87775076009893
78.89052314615475
79.88225433433837
80.90116717669052
81.88817781318843
82.89616563385522
83.89508309592473
84.89656817561912
85.8997250186588
86.89739511360318
87.88867280236913
88.8866751458766
89.87726597124
90.8852341288922
91.8959609830486
92.89625998037106
93.88206579643587
94.89472420273447
95.8839992886998
96.89477740684293
97.89210855081147
98.89883248828114
99.8952733545461
100.91145776826502
101.89743305001704
102.89167339647732
103.89645780989099
104.8930751925986
105.90276770685855
106.88955413650002
107.89495739589431
108.89823557635872
109.89355760826
110.8805117863261
111.88702178803602
112.887046060502
113.88501933469458
114.89863458405723
115.88308572974579
116.88856616765952
117.88486470586929
118.89408268506648
119.89092447905055
120.89328836547294
121.88807947982929
122.86944257102526
123.87991041412428
124.88966423575751
125.89696922921343
126.88660206830406
127.8853269668398
128.89302143725078
129.89646973437183
130.89085626570107
131.89154367604985
132.88718033874747
133.90127091812874
134.88076778635434
135.89263241053405
