36.70886824020809
35.7128153858839
34.705239721233596
33.70311146010178
111.71759257966133
110.7195101619953
109.72778836154222
108.7298083633566
107.7406858087719
106.73095617995845
105.73022955246707
104.71841550108108
103.71089418737279
102.74855368875953
101.73107363227385
100.74575283876757
99.7236936316343
98.73623850561374
97.72231440024068
96.7367244575274
95.7359873790621
94.71565143601845
93.73870670187361
92.72807154174654
91.72827694979414
90.72865027681642
89.71834600281079
88.7193344944373
87.71756541269342
86.71272824160293
85.74655472449437
84.7386086241667
83.72193595295226
82.73716640208823
81.73804113422786
80.73724239761118
79.73879601877509
78.711945445277
77.71888039427182
76.73647469253677
75.72941204508469
74.73213245706474
73.72949027260621
72.7385255888029
71.7397287255489
70.72315785257861
69.73708431510669
68.7262831486254
67.71465995765467
66.74855554525753
65.74227814317972
64.74547820195653
63.73380501107646
62.73384003998873
61.72932196686412
60.74326593837767
59.74143366133032
58.72702955865489
57.744794989118354
56.75190660885319
55.739611877446414
54.737265598174766
53.7197308898978
52.73093822557989
51.731262517695534
50.71786443471607
49.742796156462
48.735193172249545
47.71490683162601
46.72478363911583
45.72599468926767
44.7312914883721
43.72385230792157
42.70970642511421
41.71296166808504
40.73144701068781
39.716959350007635
38.727321942220215
37.7116698283877
