175.5504042167986
175.42676896907966
176.11972272646668
175.91928107841468
88.03390722041036
89.04946862377743
90.04450944407476
91.03359436371906
92.03470591204122
93.03943047522603
94.0329207985792
95.04183983325517
96.04476446589425
97.04231868451774
98.04059940403893
99.03447404350918
100.03945253805396
101.03381735512221
102.02845930594465
103.02789167370545
104.040190693122
105.03049872956609
106.03163895878802
107.02905640039705
108.02418106330879
109.01549867680913
110.02481795075363
111.03399403575985
112.02158683215643
113.01723798439319
114.0298266947468
115.01390572127033
116.02989593673317
117.03300841892674
118.0363729491814
119.03312237141284
120.04049789902629
121.03382394329431
122.03076347391365
123.03332719092509
124.02843714965499
125.03438877499393
126.04576235917531
127.03998095002412
128.04161545902116
129.04383272388003
130.04528650875307
131.04370079001058
132.04224846664027
133.04445097539613
134.03212602930697
135.05552738233607
136.04064522611085
137.03584342429613
138.04320964902655
139.03913978237335
140.0407393001294
141.03082774535602
142.0201204667673
143.02151733981816
144.02026042903793
145.01577264858395
146.02695777147525
147.02118772358958
148.01685514063524
149.02065249995894
150.0157440428562
151.01134261724877
152.01883648144238
153.02078642938244
154.0151266635819
155.02558398892748
156.01690795649375
157.00527975737532
158.00546722572142
159.00972782949356
159.9998720352949
160.942190569026
161.9610546699755
