177.77711697916672
1.0655239238616576
0.0738546465583916
178.91566677071154
101.16768902367004
102.16152510534634
103.16259227756974
104.16465932100209
105.16441156720819
106.15873931026533
107.16096368420666
108.16571999200983
109.16938497615803
110.164609552111
111.16801709644693
112.17640416353206
113.16879644927764
114.1654418099761
115.1659015432334
116.1658308017503
117.16382559021497
118.1687368579126
119.15384633638784
120.15952798607418
121.16985556945767
122.16382726581966
123.16908498188747
124.17294615709966
125.17224802402279
126.16478162910953
127.16132996350082
128.16627857337272
129.16715053734814
130.1634923930571
131.14540883007794
132.15695994048264
133.16201888036096
134.14987281655328
135.1618049684971
136.1723468931029
137.164466343163
138.17196473835307
139.16322119256418
140.15765204641025
141.16174985160393
142.15804262542096
143.16590312892868
144.16997889766023
145.17201561719816
146.1729204930067
147.17059220100379
148.17294948160003
149.1724012612589
150.17098832656384
151.17360962753602
152.16553272521597
153.16498692741396
154.17552809751297
155.16785012886157
156.16740573647763
157.17608640510608
158.1571056592717
159.16187462246847
160.1529489611036
161.16485085692852
162.1655514882164
163.16200961892181
164.16038930794548
165.16246920196653
166.1644749755074
167.15508124019013
168.15520573346006
169.1668331630154
170.17433027439628
171.14921506263863
172.16173305066536
173.14256003452712
174.17951950672338
175.18635707463818
