36.70400487451312
35.697184486490315
34.69238004137012
33.69646370333919
111.73252642057605
110.71801047286256
109.7112618412616
108.7291311547934
107.72781836146645
106.71052657029166
105.71407140564096
104.71108322038758
103.70770972431109
102.73109316285868
101.72187620188095
100.72879960086965
99.71711043626438
98.71478500692122
97.7251336264179
96.72604072107917
95.7178393861463
94.7172945678467
93.72531370979476
92.72727504453589
91.72401347639415
90.71603787355032
89.71969802376957
88.72918240867205
87.71410949940707
86.71414940798878
85.73024288384894
84.73035331406888
83.72401898745288
82.72260440493743
81.71516067681637
80.72961917775986
79.73479705217196
78.7281296223347
77.72877318978746
76.74416540049135
75.74520022289887
74.74547025001945
73.71789957740526
72.7257023627442
71.71673928250185
70.70071474927467
69.70998084262634
68.70086901440993
67.70487390714533
66.72396886819377
65.72104021437131
64.72591597512967
63.7103955198106
62.70739824146914
61.71190395438605
60.709936179209066
59.703943317047305
58.70423517809355
57.702079612095204
56.70252351829711
55.69653987061721
54.69724230563603
53.70291027421432
52.700588627736344
51.7042107376576
50.69959810043266
49.70511521633861
48.71189694501121
47.70667229037343
46.70289181113058
45.6958828275061
44.7064605361853
43.70698134449718
42.704279784227204
41.69622359138568
40.714354011913
39.70986729382057
38.70267518612703
37.69312522371338
