38.8024414784943
37.802862728140504
36.801071163958255
35.796475129258674
113.83846317115969
112.82628864908466
111.82774022619445
110.83183809389442
109.80787600163345
108.8193324875529
107.83425603810143
106.8240359556662
105.82316379860461
104.83174782917273
103.83116764626766
102.82498265538611
101.82222128118048
100.82447573231386
99.8436738130735
98.82965637981569
97.82129670327771
96.8255256881822
95.82133425474798
94.82683636832252
93.8253421722754
92.81983451350175
91.83070460394883
90.8258212956294
89.83097374572878
88.82269760237342
87.82269074990771
86.81818207684368
85.82143103111054
84.8112594163736
83.8253359559705
82.82623916888119
81.82120535901234
80.80910632204075
79.82424134691843
78.8242167788774
77.8275848165873
76.8208491480464
75.80170480541793
74.82091656338055
73.81194568062666
72.80740104136326
71.80922715753319
70.80569707702917
69.8157022909279
68.8196547070631
67.81732005948045
66.8190521399354
65.8180648004584
64.81430269229922
63.82551246146716
62.81939864031612
61.815903539000246
60.80507382323021
59.812071704079166
58.81242968085226
57.80106689025248
56.807992988375794
55.8235503339593
54.818705314635515
53.806846975224566
52.81092277518229
51.80654575794905
50.8062771019754
49.80490920347934
48.798326211499294
47.803364443524686
46.8188379464304
45.8005591887856
44.80543809521155
43.81432794471991
42.812624638559136
41.82180540844136
40.80899464488564
39.80419694682147
