43.00054253539478
45.848681201846965
47.58496161544957
44.532518700224884
157.11907163515596
156.13140632852497
155.10984122387296
154.1073735980471
153.11576266992532
152.11377091365367
151.1148163060297
150.10198679894432
149.1153666137405
148.10789288959046
147.11787495985834
146.1044447203247
145.10636953518593
144.10628820053054
143.09595607219023
142.0919325645403
141.09354708924562
140.10899542406105
139.1101318177213
138.10405179512563
137.10976987684643
136.10274171033853
135.0933687067187
134.09729712909012
133.10822125210308
47.8937796387363
131.0964880414252
130.10241900294903
129.1198896047003
51.90127592761043
52.887953197990626
53.8895451828312
54.89011085894073
55.897333852053464
56.89374040587837
57.893954451036784
58.88861516266987
59.89163888442077
60.88253216137781
61.889496020864286
62.89906338077011
63.895236937636106
64.89688641452834
65.90708818000276
66.89489642143636
67.90077591579893
68.90095321170719
69.89476989797227
70.90285007897084
71.88610710871781
72.89390907975243
73.89469640635724
74.88598214862438
75.87804615802618
76.89157403812173
77.88992742891094
78.88643028559719
79.89636520950359
80.90304916073937
81.8958893601409
82.89249144974372
83.90215231735257
84.89521616680737
85.90487219147361
86.90232306469214
87.91345293700816
88.8924015884448
89.91146112910539
90.89985971490441
91.9009181189862
92.92134029858711
93.90428197734472
94.91599841563985
95.92252840298853
96.91887369305016
