171.081942074547
170.07845235288656
169.09079202918826
168.063321311321
112.14729168925876
113.1517135044771
114.15723254986847
115.14627970632164
116.14764306963991
117.1421106439915
118.15264952163743
119.1490940425803
120.14442777399908
121.13432477059384
122.14762826171402
123.1451563411393
124.14084027120775
125.14475379916557
126.12267847037808
127.1367098325563
128.14919309677305
129.1276204757534
130.12774892303932
131.13188443512254
132.1396394672503
133.12692178881304
134.12905426745243
135.11647743971
136.12254815287844
137.12524674895403
138.11445159671138
139.11668883926453
140.11875133523148
141.11066368037518
142.1192575450402
143.11268361428927
144.09966261466383
145.10003422723574
146.10822524781906
147.09761224267294
148.10572203009306
149.10646790771722
150.10135863564662
151.09838642542192
152.11637780099915
153.09812298194097
154.1052194422549
155.09464892334367
156.09220262123125
157.082694565291
158.10430737195634
159.09722325683913
160.10537838668608
161.0909297874662
162.08524112165244
163.08212148892983
164.09043967447744
165.08286643073046
166.08805525303796
167.09853828985086
168.07652991347075
169.09134921762717
170.07640402666513
171.1148391671763
172.0788749577648
173.11988679933185
174.08695157386677
175.05425113840928
176.09179545479319
177.13742831793613
1.8738267267585254
0.17430452326774834
0.062484862268850194
178.85804267321097
177.90433263827046
176.94542794480643
175.90039062350257
174.9326570163225
173.8881636267839
