178.34921503748697
177.3447345597268
176.33931738562
175.3305865048033
105.78659866471445
106.78169297645913
107.77578689817345
108.78507724089715
109.78363523926866
110.78467257185785
111.77124910108479
112.77728947530868
113.78331551048053
114.7775237659366
115.78000770157813
116.78981459011507
117.78614724296405
118.78076760980457
119.78900896195479
120.7850461432693
121.7895550570067
122.79177155033985
123.78771851201537
55.21705363095106
125.79163307311553
126.78285315209558
127.78699271089789
128.77736006605932
129.77280954595088
130.77826379520732
131.78934209479863
132.79096364587454
133.78404860890208
134.7966818117347
135.79468664882995
136.78807478448851
137.79012298062685
138.7909000095555
139.7904261167559
140.79256366689427
141.8008067617308
142.79032995879564
143.79210235379009
144.78931725677634
145.79185380810094
146.79648977115627
147.79565271063956
148.78583038389925
149.79372001457767
150.78944787358128
151.7963586023392
152.79933281286065
153.78890791838546
154.79608752702399
155.7877774083558
156.79685800875197
157.79520282771094
158.79392633892851
159.78474003005977
160.79699375082495
161.8039528422145
162.78244011684333
163.7800919701547
164.78775665400255
165.78030833288923
166.79275517978564
167.76755395128987
168.78356208818073
169.79235915425556
170.80022578003053
171.78605358090556
172.7592240186224
173.7608839100786
174.76651538255072
175.7762541545519
176.78476547502768
177.74900571988564
178.8032255722431
0.0332030498510005
