44.58974665751093
45.590391048890226
46.58874581702267
47.59524556659496
43.495303274340586
42.50509615310339
41.49032938397835
40.50321809626759
39.49256832538897
38.47708828490902
37.49824733794401
36.49065799797951
35.47579674537413
34.47801845240067
33.50857556041916
32.49913184577821
31.500476665527085
30.480014683998377
29.486857662414703
28.488895528929667
27.491188995750612
26.487937119315824
25.46939402018295
24.46547868184857
23.48272185816622
22.46501653813242
21.46513568422764
20.48611847516371
19.47041272816742
18.479865024452025
17.490408612980236
16.49813384055395
15.467374784027987
14.488099290946664
13.473266985809497
12.498604963384638
11.464153831815379
10.484972039118691
9.48474607245015
8.484948774464412
7.467618800189241
6.484190147679301
5.4818584845460805
4.487387657340209
3.454775084077135
0.9477492765443412
1.4581343197045624
0.45960310161501977
179.52855379999735
178.4217473482545
175.92728801929485
176.4622262842099
175.4563676713492
174.47180670571225
173.4734495138543
172.50384139722507
171.50310025090792
170.44695806944623
169.5023546847224
168.51591107471734
167.44701675236553
166.44983306624965
165.4999788401742
164.5206561804889
163.45631368657962
162.50500469359523
161.52501592634772
160.45241830111465
159.5068288259617
158.45303467779968
157.4940276215735
156.44410385252738
155.47647657223533
154.4963330156913
26.525258159661803
27.554980628511096
28.536454386962593
29.542557955444977
30.552101685518718
