46.74438297041183
41.955627334474855
38.01043441415979
46.03196669458962
10.885173495434831
9.891267415213713
8.881939809984356
7.882718891955742
6.8801683525687825
5.87885617326021
4.875150124045205
3.8797314224973896
2.8768953600492115
1.8798109082000471
0.8757590996277858
0.14560167836040155
1.1253256986004774
2.134552298838962
3.1263711692863563
4.1272269278377305
5.129092425876459
6.128226288326539
7.129510856565066
8.132781361799225
9.138702982651505
10.129014791857662
11.131749816642728
12.129891893445848
13.127600594206275
14.131290521460922
15.12559667848561
16.134831211448837
17.131204783825563
18.130074932311636
19.127890131606993
20.13107288944339
21.126848108221626
22.1275374162543
23.12598256547447
24.121478345564135
25.12606136796192
26.12197956900911
27.12196639752183
28.119010042610366
29.11431079739271
30.11324240459862
31.117085850926465
32.115107167072495
33.11314494962207
34.11104223110007
35.109543229339096
36.107997575807616
37.107359503729214
38.10490821585331
39.09847473857992
40.10054555638243
41.09706767271702
42.09342943847748
43.093597472278304
44.101438370965205
45.10461353961446
46.09396784680992
47.09725792280078
48.09793110695188
49.097573380095334
50.08995785962177
51.09048638743214
52.086706580532585
53.09118687247296
54.093550912728354
55.08814864254156
56.0901001913774
57.08060874004293
58.077375999418145
59.077660038062
60.0823208808855
61.07045875710861
62.06954889648141
63.074455598922505
