55.89108029033719
71.04122777882863
34.14563078712108
59.09776818431406
8.882203096805002
9.884766324544447
9.406042349548867
11.884529527515635
11.385733031104134
12.395886355095454
14.887000210380268
15.885883923950075
16.879997552541635
17.881959491743466
18.885965969895857
19.891812161179804
20.892126871957643
20.393058038633676
21.380525324988028
23.88105778086054
24.8895952740359
25.89106962280119
25.39049792988511
27.888024126888375
28.900784425226323
28.39275907674218
30.881807503296567
31.887762929955972
31.388524625490426
33.88847920782393
34.88587764712971
35.88562227709894
35.379311377268
36.38048407008439
37.37942524580676
38.38068458814005
40.8648343213459
41.86918076415481
41.377951459307575
42.3824387116231
43.37691147588127
44.39014464196101
46.88681883047468
47.880275380901644
47.385082052221605
49.880091345579395
49.38620478843907
51.8814563478163
51.38484155227507
52.381512536096245
53.38443354486687
55.882830211587475
56.884425802342996
57.886570415332415
58.869314159969626
59.879529926694765
60.88280575413766
60.38196535401252
62.87075973865055
62.40101872119923
64.89462263800374
64.39060311809365
65.39421064062509
67.89121399908701
67.39878647278802
68.40180348237122
70.88392660801694
71.90119646767207
71.41338577450327
73.89132746591501
73.40818117462685
74.39324916577448
75.38376408251031
76.40699421170628
77.40901783550818
78.40080803539378
79.43589323232163
81.94211913853417
81.45668398135778
