70.33498532174079
71.33792966847884
72.34122970455721
73.33947121737734
3.4234404963911764
2.421411293654783
1.4266306733596001
0.43056284866078853
0.5816147706831919
1.5772210506214104
2.5826568796063194
3.5760791135988392
4.576190839805757
5.5647127118088795
6.574100225221873
7.574019820183412
8.572671039585225
9.569034206150397
10.571485047549666
11.570116833277584
12.57051447255686
13.566140438681089
14.568673769444178
15.572600475554824
16.568065631759666
17.56843434570577
18.572965028446724
19.571767048777573
20.570114190077327
21.572396849757418
22.56829477879924
23.570208291404047
24.57479846017711
25.56377390472352
26.568800995987303
27.56450654039336
28.564382965196764
29.560802543037756
30.563453033495055
31.55860224185813
32.56514526025907
33.55795259491093
34.56185270632939
35.558372987520144
36.56043271029443
37.562523592195355
38.558318563360196
39.567372627788494
40.565525724581825
41.55979942453154
42.55515297090705
43.55999883864156
44.55854588299771
45.558464220641056
46.56015327461923
47.55455058751812
48.55870616965831
49.558136248318796
50.55145730329528
51.55365757554649
52.54826504912344
53.54396733093519
54.546404286480836
55.54979207876642
56.547803183914816
57.554505769734064
58.54508809617457
59.546085996670065
60.54171686498438
61.54780760187562
62.546212079066045
63.549598215989555
64.54300403483636
65.53827179038088
66.54185828256175
67.53914007077117
68.53999560087753
69.53713936298679
70.5410338758583
