69.14748190847655
70.15121065894381
71.15120934009815
72.14207112497225
4.614838829917153
3.616247479415003
2.60647216145518
1.6156715046045893
0.6151283732160909
0.40148668641452345
1.396377539752536
2.3979269729402968
3.386013505934352
4.385149984755262
5.388227061553508
6.387825979575814
7.386965149434221
8.393096141373656
9.374912009816905
10.38370493182386
11.392609381943748
12.394252350964358
13.383470215145751
14.390695015621096
15.400435545262233
16.391135738537056
17.383942849175554
18.38129352709582
19.38295678623657
20.388914370765605
21.393940802575486
22.37479246581581
23.37872707972604
24.38368907215492
25.377875467930103
26.368667239741235
27.367064848786868
28.372903246985175
29.36674157644746
30.37032160861442
31.373380101431056
32.37514723885718
33.38288050767828
34.36911739083768
35.37124579669939
36.36957548241102
37.36785913417387
38.37453405093289
39.367086414454825
40.36510511034527
41.36692977673837
42.36796049028881
43.36921712168939
44.361765612838035
45.34919250476075
46.35488024174591
47.368659582568434
48.36545569897463
49.35547186886307
50.37621936735862
51.372549623697466
52.364122107500535
53.355857137271016
54.34907109451862
55.350674977219526
56.358711846564425
57.36172334176926
58.33445356434401
59.34494883537854
60.351337488776835
61.34929680411477
62.34235203066962
63.337254214049715
64.34624093465857
65.33553391374487
66.33899850464222
67.33819694248928
68.33911103175818
69.34280024332473
