82.45437724970924
83.46210544764949
84.47036090780122
85.44734751678858
7.447863417690446
8.468474363737448
9.457300010408876
10.474224620595791
13.004658935718998
12.499943339042696
14.98056479746779
14.51455890870091
15.510271734072408
15.999620981963366
16.67877430133985
17.672288984531953
18.62511324731025
18.732315186710448
19.658286680147466
20.980851656723093
22.0974053953234
23.07520172181792
155.99052775598884
154.98518356204704
25.59655181298817
26.409901896907147
152.73248314172352
28.168675937206057
29.031664924317575
29.940163895460838
30.859035197809174
31.37991430155401
32.07376433103699
33.077339084742675
34.0657877110169
35.064998663825044
36.03977085196189
37.054473281866954
37.9966884638484
39.018124008522335
39.9049010287763
40.91565552800308
41.88000375139362
42.89198935941524
43.73909412407691
44.77663741949311
45.65082073777044
46.65697564843495
47.04630634611498
47.823546324345386
48.69605728590543
130.26321636035897
50.78158667739969
51.7960567073048
127.15335054766759
53.87202015669359
54.92097448113471
55.92800213023281
56.924723288389934
57.940211925064055
58.31497002469604
59.30593277166707
60.315287688052706
118.68040030817498
62.325552657810526
63.343629383329436
64.34514468640667
65.33787294154665
66.34866109351734
67.3343340575617
68.3046862156241
69.25679562384836
70.23949483293885
71.24063946529802
72.24926680398453
73.24321638088584
74.23288570596864
75.21608531355461
76.20933089859213
