88.66398127680586
89.65544419234406
90.66279910422884
91.66364521636623
13.624638024920424
14.633033437608463
15.644493706795897
16.631281434281696
17.624973403938068
18.62341314771616
19.62407744953826
20.637122714308617
21.632141431947566
22.62557114755895
23.627188542131336
24.64397899392183
25.628395061349554
26.63051835591844
27.625349009713474
28.642303141750002
29.625378581430468
30.63523167619504
31.639509603417636
32.63047975117447
33.64594577308877
34.63594715317174
35.64291902574017
36.6396500866146
37.6372664979101
38.64930057512249
39.633632816943376
40.63335046418578
41.637506057421
42.638031702709846
43.63410021051742
44.646131453320976
45.622833842722045
46.63567750323334
47.64608932321737
48.647685889603494
49.634285169133875
50.63622725844602
51.64811448872726
52.6445768378704
53.63440525309137
54.635259554807355
55.64135324838475
56.64852270680661
57.65113134148566
58.640299482452846
59.65054081764807
60.64980113984368
61.6479122343069
62.63266419760389
63.643242797546115
64.64514260975697
65.64280689604149
66.64131452195173
67.64314602541805
68.64424199628809
69.65119548856136
70.6423439935381
71.64117783444578
72.64604994093978
73.64959449110272
74.65695251351524
75.64302721731097
76.65045413280835
77.64912885889716
78.66139611951132
79.6541032949606
80.66032869227658
81.6417022020795
82.6560016974772
83.66768291910235
84.65884230328147
85.65568031482718
86.66095528355348
87.67677417934551
