73.23201761565596
74.23539304897191
75.23343199871049
76.2214748819961
0.8680853435486835
0.0454279221028827
135.3667209452055
2.129371900326945
3.120006521587325
4.127875716195142
5.1303768963850995
6.127624105683332
7.130403894646376
8.125191194884431
9.12882039676018
10.120560279924225
11.1255784433907
12.126567160010977
13.13200927709144
14.12299675594018
15.127101534127783
16.12788964131277
17.138749306817274
18.13538991322177
19.126905183129693
20.124937393348212
21.127124081358147
22.13382044591594
23.1340920376136
24.124423561345527
25.130634483080854
26.13322094415072
27.1264760605772
28.124938332132942
29.131763080922326
30.126418255576862
31.12985364027062
37.449897061582796
38.453310445546336
39.44436097046256
40.44919229571829
41.439415387190124
42.45087412977123
43.45634938684918
44.444489440798975
45.454265918432554
46.44394936695237
47.44676847817689
48.451965011268896
49.46098926719977
50.45467630758448
51.44665055035386
52.45549993830015
53.460715521426216
54.47003716894318
55.462171021413894
56.46367125445707
57.46298562935766
58.469018951817006
59.46686601615648
60.45531150515741
61.46075379423069
62.45560153200071
63.457111818688446
64.45822056548084
65.46571517611821
66.46591990626355
67.45983173385935
68.46089216495565
69.4534385004604
70.47077112071727
71.45411947079914
72.47771939589819
73.47547878054732
74.47738677549178
75.47456394669322
76.48784813470918
77.48083630663642
78.47061479414054
