88.5158853402798
89.51299977799613
90.50672650740641
91.51063283851394
13.459548031337041
14.464115314281075
15.47122802025986
16.461089625336456
17.45499253369241
18.45170273838284
19.454629343614208
20.466416314135003
21.46905887253462
22.45825731007463
23.459278995763732
24.469321324619113
25.460579704263925
26.447227846393506
27.452607968182022
28.464629523489226
29.455362904347307
30.457565286347904
31.46623533640559
32.468308668840486
33.478529979206094
34.47108515291894
35.47003525090301
36.468030516840265
37.47466096569964
38.47091754629421
39.47034845149512
40.46959374505101
41.48086229969137
42.473903229726936
43.475673799924515
44.48157841553529
45.46521142703355
46.47268809779386
47.47965854418098
48.49201140366016
49.48212081003336
50.483038584284024
51.48834180847666
52.481620939797025
53.47661350852781
54.47629338051465
55.474433487481654
56.485989979077566
57.48517165751856
58.489251338079455
59.49926986537799
60.48919039052007
61.493068173467805
62.48639908288572
63.479899039196496
64.48529090687404
65.49342620374028
66.48460844806974
67.48519175428353
68.49327948593289
69.50631598621702
70.47930396936101
71.49164044379926
72.49068429472216
73.4915007201586
74.49748972874696
75.4858954460763
76.49530795607555
77.49488273110238
78.49732513771778
79.49259724242133
80.50151750743866
81.49317286796074
82.48591419369758
83.50468643566576
84.50653211059371
85.49261618573303
86.50806990287582
87.50759765305651
