52.771691151127875
49.02625008627886
49.171671913519276
50.504367768044645
172.9377416067803
1.6329091978984176
2.6236795089303326
3.633655212135906
4.628062451024949
5.632016741084002
6.623367064080641
7.636288015736181
8.640794935098997
9.643737248855238
10.645551548014435
11.638736303905254
12.63835783664289
13.636629659594039
14.640754526463533
15.62463988493193
16.649880039688536
17.64420937367882
18.644495019157198
19.65119238608176
20.652305125286812
21.655589483278867
22.648515513107988
23.654237939877582
24.653502653090445
25.656158281598472
26.65144857519817
27.652904874220837
28.652451544469567
29.65126025117168
30.65394881752911
31.65533951765198
32.65857979680154
33.65846923394894
34.65505470475853
35.66082504024906
36.658884360527885
37.66136243167865
38.65889969487289
39.661524864085855
40.66527867700361
41.664119817076156
42.66620188624722
43.65976756774458
44.66289378475856
45.65996676217262
46.67007290194842
47.667774877756436
48.66620376634741
49.667115187216524
50.66301889420953
51.66299717965723
119.57457210957352
53.66948347601459
54.675448652560824
55.67147978240484
56.66779036586653
57.67053193859629
58.6653366866254
59.67281231684612
60.67610254715909
61.681352872767214
62.674100450624074
63.67986490944767
64.68153291631668
65.67596094813987
66.68287829006285
67.68286776760216
68.67900248809491
69.67695853060552
70.67462412802313
71.68153392099651
72.68464029711389
73.68672120624117
74.68641967153062
