88.66129121047786
89.6572549894749
90.65663659650743
91.65930793670437
13.618716304512311
14.625199975167261
15.630731386418969
16.62709244124383
17.621390175187415
18.62840401635511
19.62384514878507
20.636106498732627
21.627740293803456
22.625250671981767
23.623848317480288
24.624278683637776
25.624161530236073
26.616967573375856
27.62570334463565
28.62400764979202
29.6246363314312
30.624571134802817
31.62608372153052
32.628944480293654
33.63405166758823
34.62514839041382
35.629872082095055
36.63756118667081
37.62646909227309
38.635140567679265
39.62852285167305
40.62577147909718
41.62338369088426
42.63134680871657
43.63088663654155
44.639761350838064
45.62348422162223
46.63489985240122
47.638763394432395
48.64525210045117
49.62927038435496
50.636532747865566
51.64475550820542
52.6380741838013
53.63907556706819
54.634574085774915
55.641219403837276
56.64477549152384
57.64136892063104
58.63251985834167
59.643466360582444
60.644343538513404
61.635346706733785
62.63600557046821
63.642468165937984
64.64685654894225
65.64485345803675
66.63636559680579
67.63748709561361
68.64082163817352
69.65242656537946
70.64852178711801
71.64970085305487
72.65306362440644
73.65697236007007
74.6582959923545
75.63969374083037
76.64304208423565
77.6415888791948
78.64371089172347
79.65316643621614
80.66310229097824
81.63731993616955
82.64670029116247
83.64464345830928
84.6620027401154
85.65315657015998
86.64926232704047
87.67019326122686
