82.52815086796825
83.52691097580245
84.52975411808791
85.53111320683192
7.53789598844867
8.540266712349123
9.553084771273708
10.531255220975373
11.523377438225568
12.526366791534002
15.010152328551062
14.530704392048179
15.530035153010271
18.024529893044168
17.543355361871328
18.543211042662612
19.53921857708762
20.533908630587227
23.009224889681352
22.53163591801042
25.022192879754403
24.541113359199286
25.53907049596774
28.028350607025608
27.54801094956253
30.024227162107263
29.53197829657989
32.03775216941192
31.546840134441418
34.044842531785854
33.55284124720214
34.55191402409107
37.05341123570706
38.0567330480292
37.55780170007624
38.55053649430883
39.543928695077774
40.54645419666806
41.554709223302225
42.55669854811663
43.5546718025507
44.562085245995064
45.5706833763557
46.55831027069748
47.555610287459395
48.55287490386199
49.546273265813994
50.55934861204337
51.56142619784966
52.557990658669624
53.56914384442882
54.56702609203786
55.56681859604894
56.56006848538181
59.04094465222884
58.5560314457753
59.56660937011617
62.05667330176502
61.56612163232856
62.5700372013509
63.58346045095465
64.56186914487016
65.56848649140534
66.55908768318545
69.054716856512
68.56540139761779
69.56965242568677
70.5616429363844
73.0610891559555
72.56773702282968
75.05865994043366
76.0669430383844
75.5518295741184
76.56105619627758
79.0576143772446
80.06173345367223
81.06060846163449
80.5740993929949
81.58605532908645
