64.30457413492778
65.29947502738183
66.30300727315199
67.2986120356812
9.414829177091718
8.419393301571933
7.412281110340356
6.4163256785473655
5.412790997911916
4.4145570241461565
3.4149487512817065
2.411646152458612
1.4109783159389828
0.4281327866957043
0.5833347035280517
1.5844239568886522
2.584198952794596
3.5878157280732754
4.586379518697405
5.577823917753114
6.582762456894277
7.582999639923634
8.591953059815642
9.604850517553452
10.596666003366497
11.59711881742754
12.595622980230775
13.592882120029758
14.59601706744785
15.59461520197734
16.59253132982401
17.588641297594112
18.59899473730842
19.5930583326127
20.590113584199003
21.587599609198527
22.589351955193596
23.586794076836018
24.58884648898881
25.588214792709483
26.58317374419385
27.58852595892771
28.583548261433428
29.581889163626773
30.58425205546695
31.58626937200389
32.57823340707514
33.583534359952516
34.58461250348188
35.57746474653252
36.57381404995964
37.57120881178845
38.569070908777064
39.57648961174193
40.575534223153426
41.57358602160053
42.57664514727654
43.57658385947466
44.572506494079335
45.575850437937866
46.57275862466732
47.56898218117171
48.57044025360216
49.56839317671106
50.571798450355026
51.57402609083482
52.57017870578637
53.56694307682552
54.568259687872995
55.569100126822796
56.56774276641422
57.56755229119321
58.56965053585279
59.566083183740254
60.56498309691279
61.558145141572055
62.55572132376117
63.56197369000553
64.56165409342825
