88.51037468082836
89.50054656715571
90.49547017037321
91.49624603372074
13.45810881005427
14.462000409380488
15.459718518036912
16.462240251196327
17.46234913398078
18.45968665791956
19.461411970952913
20.46658887713979
21.463541303803517
22.463289460110346
23.47101739395237
24.469253177417855
25.471288318939944
26.46754650130474
27.46446997306852
28.467727315691125
29.465330716700315
30.466143305587693
31.467245546089533
32.468464116621064
33.473402449848024
34.4684491806607
35.468432287745365
36.463520731858125
37.46887424227626
38.47283912402384
39.47585776407382
40.477338103154125
41.47835179926732
42.47586883355665
43.47098963709469
44.471856727075284
45.46979427624838
46.475449614205644
47.484531015565025
48.47681241781734
49.47473387104183
50.48170527048099
51.48845995770657
52.485513065854505
53.48119049010782
54.48212006581018
55.492438727838824
56.4836162929327
57.481752465000895
58.48443319910612
59.486708689439396
60.4884782691655
61.49050742560245
62.48864336992847
63.48119573183118
64.48752179295559
65.48411750448328
66.48783027793102
67.4887496736525
68.49410915964746
69.4944479358574
70.4933270398214
71.48831893460277
72.48794471260027
73.49091764611336
74.4943289370877
75.4942479741327
76.4968361278983
77.49654077426175
78.50217617231756
79.49782138487979
80.49371003690264
81.49563185953379
82.49538482929619
83.49155713321217
84.4936479456414
85.4993645638848
86.50379847761884
87.49575674479357
