48.375465667496
55.53074576833121
54.515165078722625
49.89890605361107
11.637456937751999
16.19832088037865
15.413232057750632
16.412638114103817
19.193982370701164
18.414656847156568
19.407736304286928
20.418349880070956
21.425293798087385
22.420465446540824
23.42549219349963
24.438358661983294
25.438150989395904
26.434498700075004
27.432997035107892
28.44175520379513
29.43658675875572
30.43220834745923
31.445447682491505
32.43691637480491
33.45538575192977
34.44721737422537
35.45515665158665
36.459958513547974
37.449267293060224
38.45640367124506
39.44474034290712
40.44715821841655
41.454013829032945
42.44785378702982
43.452704954549674
44.461298584803224
45.444886190121146
46.44986206697594
47.45621976632918
48.46634597334265
49.447559486211006
50.459294397835926
51.46829680358389
52.47044899437981
53.45505050771271
54.457710670868494
55.498378008103906
56.50054270637542
55.737790736609604
58.50050588021335
59.51345128115611
58.730315071518156
61.50653818253243
62.50491261005134
63.49877351770619
64.50339440077973
65.50969241550688
64.72629586545138
67.50650123292833
68.50729198359498
69.52523391247942
70.5061503495509
71.50746303889099
70.75261755134589
71.74875869489223
72.7437825833752
73.73605539234097
76.51076758458794
75.74232342291081
76.74280480298951
77.74688458733709
80.52126939814549
81.50596451063866
82.51120484767124
83.52744159605987
84.52217275170617
85.51835721176182
86.53394543541874
87.5162074994058
