88.66885353297162
89.65091671436508
90.66328577573854
91.66163778878759
13.62536785365137
14.631601574727823
15.644943575152094
16.63102661826569
17.623093660756204
18.622112832897383
19.62247326411522
20.636945589547636
21.63160338624104
22.624507791165144
23.62513108231646
24.643659280038356
25.627240104711404
26.62987435078979
27.625001435257836
28.641739229876617
29.62531696597927
30.635198882777413
31.638893455862405
32.63019270172342
33.6455045222583
34.63634470305854
35.64206464663262
36.638677665691596
37.63596268548444
38.64812159151597
39.63247772569911
40.63351934851307
41.63631275120606
42.636964591453165
43.633673676112906
44.645074253966904
45.622544725852556
46.63574259670601
47.64605228570677
48.64728614247831
49.634246801016026
50.63520116860054
51.64860496323848
52.64424748681389
53.63461467485523
54.634934265363334
55.642195169851504
56.646591198340325
57.651111036261355
58.64063704397195
59.64987754527598
60.64886152546434
61.64877551108829
62.63310887240058
63.641791893699335
64.64526452140844
65.64133344460055
66.64187076625771
67.6412421784656
68.64335215049873
69.65149681134363
70.6409582415862
71.64297437554255
72.64778362781945
73.64658549255205
74.65773484937851
75.64461478796515
76.64894653503369
77.65203577068259
78.6557653059586
79.65741434571665
80.66234167120793
81.63606951102676
82.6602991965073
83.66450927175029
84.660809079563
85.65453134327994
86.66066229856986
87.67407344879707
