64.95208357118808
65.95068894186933
66.9463747612845
67.95003485512416
9.070436208638318
8.069415150911707
7.072053973416345
6.073589905584672
5.075848953605776
4.076931090552818
3.0813229210779833
2.0756463140410193
1.0809086623236166
0.11067713481235832
0.9183219069137264
1.9229092350406234
2.9173409085050026
3.9245717497978023
4.922306444795746
5.911179618442566
6.920836952466213
7.920754027535614
8.916206101364223
9.917132036482279
10.918977840674012
11.916923460583215
12.916521163796784
13.914778540095645
14.916684838046496
15.909912497415156
16.912873553230565
17.915931217685774
18.913035015235636
19.90880463509002
20.90474644035
21.903513312955162
22.90448416583975
23.90654926156632
24.89653194606882
25.90794968734346
26.909355332219246
27.90834701905234
28.8997945918984
29.898238356124637
30.90182608767263
31.892263523606516
32.887674120632596
33.8955172497477
34.89311446936961
35.900067059153706
36.89594770172172
37.89040261341585
38.89434746961747
39.89455564509943
40.89475409100196
41.88418343642055
42.883936253613136
43.885918618417556
44.89004161802065
45.892744048181186
46.88653594167427
47.88723065899552
48.882772550551536
49.882596433991864
50.87790433937017
51.88368272861585
52.88300408386714
53.88336389949683
54.88262352865877
55.8798229427691
56.88423932623705
57.87841884914378
58.87104844146275
59.86881995122745
60.871016165877236
61.87838135158214
62.874362077461
63.877415506419304
64.87486512816838
