41.74977705014158
41.97796197020748
42.98976031829024
43.46332698615739
82.81723770832913
80.32411905692848
80.82878125247689
79.82259714165977
78.82906793753348
77.82773623855765
76.82884073633201
75.82900943680855
74.83334656041865
73.83315215278795
72.83025228881951
70.32818224790213
70.82949013473993
69.82274987395502
68.83154678146475
67.82857364021746
66.82700816498529
65.83264021971479
64.82265780656081
63.81323275946219
61.303066116819856
61.80265418859502
60.80201701747946
59.79245281530028
58.792739421285205
57.795730601261205
56.79014738062132
55.789308744308634
54.79231452218035
53.788249164973216
52.79691527846786
51.80674374281619
50.806167540225815
49.799880023099746
48.80262925394243
47.79686741121243
46.80080760426859
45.805412981845784
44.80233104575413
43.796657714243025
42.797060183354816
41.79226005508873
40.80218523775656
39.80243033389607
38.805211329509135
37.789980992038856
36.78955872941135
35.78823418741953
34.79422466439212
33.792050464645776
32.793757221584876
31.79063741290548
30.790013677387094
29.788904752388234
28.79027082553377
27.788862647214668
26.792259050790673
25.789296674819482
24.787240878415286
23.787712569208384
22.786372408484795
21.784312586620842
20.785329342836885
19.789850835820047
18.786401331387584
17.788840425676195
16.78456513764702
15.780727167717687
14.783355987307415
13.788136017147085
12.7805768335486
11.793599022347447
10.792692960472655
9.800712616777147
8.810059796776414
