77.00180990058263
77.98756472624673
78.98670994223401
79.9777527844542
2.0120606499105285
3.021655533027029
4.0240733680197645
5.020729177916348
6.021188340044567
7.018423145481339
8.016482294287783
9.027882007172229
10.017022280630007
11.017700848353288
12.022133081270814
13.018789829133768
14.02259436639672
15.016781444581751
16.006997082687295
17.018242488733815
18.02413868366065
19.022107683535936
20.02668095190371
21.027875694797938
22.03314271702876
23.025861113395763
24.019890426484398
25.02258965148688
26.021031508318206
27.02745239199676
28.0268604687303
29.016977929893766
30.025080217384183
31.024687448319735
32.01904213374717
33.020512997232224
34.0086768573652
35.009676001872535
36.016937303010764
37.016005641127315
38.015695979283386
39.024265797019964
40.02671938766376
41.01916538157794
42.00858228615379
43.01756688419999
44.01331608283096
45.022591352139315
46.017333483406524
47.01154550273265
49.52329171828073
49.02034249976921
51.51980175165699
51.01390542531586
52.00574590592549
53.01478969693953
54.01165183964583
55.011555080154245
56.01840841765369
58.52408061379955
58.02952569203826
59.017358136123775
60.0181130467939
61.01349569758231
62.010032132650565
63.01383692260472
64.01894701024867
65.01209320320905
66.01310276105905
67.01785629881341
69.51911955652781
69.01307248512532
70.00403563534515
71.01323212987924
72.00822019897751
74.51565711997672
74.0118969204192
75.00956688355939
76.03065145250396
