79.47996248509257
80.46267996113312
81.47822850998733
82.47103536776731
5.3370297984605894
6.352318696023412
7.35426104644092
8.345135310958652
9.34195753569993
10.3454882168815
11.347414342371806
12.344733234691025
13.328706358186015
14.287896820584125
15.28529655914478
16.291347773168354
17.295550446188916
18.2844846735275
19.220849159928342
20.354453237142266
21.335275568666987
22.326806829827305
23.35169030561788
24.354761894435356
25.361474006770585
26.35828797318071
27.353568278261125
28.345341138501617
29.358242677378755
30.35763492357458
31.354064135162833
32.35484714017561
33.354910247702186
34.36325273130566
35.36055702950055
36.357779609325796
37.35896327993024
38.356621493268214
39.364149935427584
40.36030712016386
41.36379491029123
42.36471559728411
43.365325797993805
44.36327107246582
45.363575705268794
46.35159795492506
47.35785325517841
48.363388598050655
49.36015455412897
50.36212955593518
51.360565185442496
52.373415502956924
53.36417458146413
54.36782101902946
55.361787373124436
56.37250960405687
57.36146859484535
58.36937402580726
59.3640312534427
60.370769805304064
61.37208338381957
62.36510507187025
63.37318787023579
64.3664553176323
65.37417998591273
66.37604952716299
67.37395013718731
68.36966002735754
69.37724644074255
70.38476505253448
71.36260024868805
72.37188731968885
73.37204223277037
74.37258867106324
75.38154594770887
76.37647436936183
77.37401952097662
78.37510143793274
79.37869770619963
