88.51126573998496
89.50811454812865
90.50683850431578
91.51252280761578
13.467253237179499
14.47168410280883
15.47866051091687
16.464815786428417
17.46466710516639
18.466235614159636
19.461786785494215
20.47000561188908
21.472285659855505
22.47136804847522
23.47441789540372
24.47969181813112
25.4739888582073
26.46790583968086
27.468567175253394
28.47205124809755
29.473879927526013
30.467681173467213
31.47492420463017
32.48429719219464
33.490184673413275
34.47974876075258
35.47854164674139
36.48134764107271
37.48662390563258
38.484401746927254
39.47685300205588
40.46936374944797
41.48067480445136
42.47744838943843
43.48508545418234
44.48542657566937
45.463837159384894
46.47505150033029
47.48934936305801
48.48957602521721
49.492662648088995
50.4911910593896
51.5006161504429
52.488612471800685
53.48166552001126
54.48867170039699
55.485507579690314
56.49493836110033
57.49779899126623
58.49233826625872
59.49937332513966
60.49391532379325
61.49615421176035
62.495080268315505
63.48898141589652
64.49749884836855
65.48954232470527
66.49492642368337
67.50089515850419
68.50568478817291
69.51547986216565
70.50038780637927
71.50395410800138
72.50345202559578
73.507611314885
74.51042286422853
75.50020192330507
76.50039506725055
77.50309315076433
78.5036865303714
79.5114352858718
80.51181364689086
81.49421285394587
82.5024867170147
83.51283384831775
84.51386938432262
85.5148036383095
86.51483751100838
87.51922135824961
