49.56226383370105
50.55733351464992
51.560469757585174
52.567586423023194
38.52452910580444
37.525352580966356
151.1192657563962
35.52144171476316
34.5234968986898
33.51698480722191
32.52000929096577
31.51563239017008
30.52474470049202
29.51657226887199
28.520259203555145
27.519622671752895
26.522567221176825
25.519271132826855
24.518107391820106
23.522388288956215
22.518881940786486
21.51742953069335
20.52228353575844
19.514914965099127
18.521573107256593
17.517631618874745
16.51134998948843
15.515049774640712
14.508097822562018
13.510366652424125
12.51786957871431
11.51258652920195
10.509533182922937
9.50924701000119
8.516379228242222
7.51973629860966
6.523176106564087
5.518110740721554
4.5227045424510885
3.5151171654442055
176.14515550344052
173.51783262402557
158.07475788562306
0.4849869957232626
1.4909381129352441
2.4923183112925162
3.48977131752975
4.4944243973812315
5.486125412131292
6.486372509711181
7.485675385258756
8.486361459325503
9.48871578325184
10.488863552390875
11.485882578076932
12.487086303125613
13.49324290799267
14.486228670389652
15.49031276061121
16.4954892035008
17.48741413231489
18.48856337170018
19.49193711542819
20.498081453750356
21.4909952730522
22.490246973790278
23.486297196183706
24.491062392424972
25.49307342183187
26.49079433399437
27.492500790666366
28.493940194045386
29.49205766910123
141.7838356443719
31.494428656246075
32.49754283136356
33.49718228252746
34.49116715081911
35.49340910052781
