86.75826736525589
89.5199062977795
88.75169414577158
91.52146915350974
13.49614433086129
14.500502713186204
15.504742243390936
16.510477162073983
17.50334682511898
18.499427577228676
19.505099833569115
20.510951010354027
21.510617226762918
22.501364421635635
23.505890434616802
24.506095740792833
25.50672066940818
26.5036169112928
27.502599439926747
28.508136711243605
29.509916946330627
30.50923027794795
31.507545799882486
32.51281796337003
33.51786514796444
34.505324151957325
35.5112651470292
36.522259485335404
37.51817655374482
38.52416252174837
39.5084507512923
40.5047869111863
41.510230870575725
42.50477653826135
43.51331608631857
44.514736812741305
45.50285942089718
46.51388377927339
47.5246775012855
48.52021700621691
49.51271839822199
50.51273831860262
51.52004145057299
52.52223017241929
53.51576449537537
54.51135423896879
55.51684391012655
56.523940597824506
57.521323875911605
58.50790354748653
59.520260658485434
60.518838698013894
61.51439867052329
62.51387261944104
63.51557809214071
64.51484880158007
65.51413387146592
66.51673564304626
67.52590464182481
68.52828901982876
69.52379541644538
70.51191372844991
71.52064039713673
72.5280807475182
73.5243388212197
74.53079202574014
75.5206725432174
76.51414274401617
77.52027553199461
78.51762604270088
79.52239914535532
80.52936385265812
81.52003581297568
82.52706091332199
83.53673415002459
84.53620876710383
85.51796612215354
86.52162087439126
87.52710561405614
