88.66199770687054
89.65573146009945
90.65381955919713
91.65772412664136
13.618387280808816
14.625254781623704
15.630601088180988
16.62771950584207
17.621612665655732
18.628307289635067
19.62402543835434
20.63629152657185
21.628189157755884
22.625403702349043
23.62433277877019
24.624400095563374
25.624588300365275
26.617536092934316
27.62555566277697
28.62480451133338
29.62494786974812
30.623804541022242
31.626528657010454
32.62960607175088
33.63511551133599
34.62518034062869
35.628711753857885
36.63774674908421
37.626955759865666
38.63540666708871
39.62901319839245
40.62655763277088
41.623132878156326
42.6312996983651
43.63007833577457
44.64007373503417
45.623764882539966
46.635319557367964
47.637541535211696
48.64611018515567
49.62898654888354
50.63720726534417
51.64498792639799
52.6379470620974
53.640218707922486
54.634172316320935
55.64222561689592
56.644776005253185
57.64045350228992
58.63245594432403
59.643208307958524
60.64490308716176
61.63524909904924
62.63428748448293
63.643009000903625
64.64611990006074
65.64500222474261
66.63665916794196
67.63870717157891
68.63927923794593
69.65131028950154
70.64619208794862
71.64931421530467
72.65470533827602
73.65571018495882
74.65868410808115
75.64004298970795
76.64551513673904
77.64362285786183
78.64154294186919
79.65625459110508
80.66181104014375
81.63619861726032
82.64768984883759
83.6495943121936
84.6571428297609
85.65225321980557
86.6500308409395
87.66765598738493
