46.461346360498226
42.857699708454874
40.221128050963095
45.347220833396165
10.884751763331879
9.890019467575007
8.881811705255327
7.882268232370532
6.878410226448408
5.877994221510021
4.874863051700129
3.8794779662515513
2.8764554811824827
1.8806127412217362
0.8758480737655404
0.16038510180969057
1.1256433895080764
2.1344357340521607
3.126300459904203
4.128025266674619
5.1296995453472505
6.129059431289805
7.129435606680631
8.133876693180948
9.139062723014677
10.128673974129455
11.133798292911589
12.130747971146612
13.128822097866331
14.131559121768177
15.127032864347468
16.134489343345926
17.131938904846727
18.130706265600452
19.129591990879398
20.132104966733745
21.127488094362338
22.128422628978086
23.126569348788674
24.12322233229558
25.12639665334479
26.1239230874272
27.122895120018597
28.119489139730927
29.116090010171526
30.114489297999754
31.117859258110613
32.115411151608455
33.11368079737299
34.11032421817755
35.11156015543229
36.10893540994028
37.10866002502015
38.105785008017
39.09891124437937
40.100776908358945
41.098263521825544
42.093453051084246
43.09423173596441
44.10269354958255
45.10566070768903
46.09419684247135
47.09884805505171
48.10044002163832
49.09864762785943
50.09120322051703
51.09166838299297
52.08865278112048
53.09199325392911
54.09472921237477
55.08819256969477
56.090768279607005
57.08122804680758
58.077926270495645
59.07954973765952
60.084086981503006
61.07342025201505
62.07150677127149
63.075662663100914
