24.452178778755766
35.19836348937552
60.5376200161057
68.37904906500499
13.46772917198729
14.479712763794536
15.478038308337176
16.47438239702465
17.474187088029694
18.469664175796602
19.47340415106805
20.47733012103131
21.47879965325226
22.475958485845812
23.477218660444052
24.48452294416802
25.47426571968932
26.480241004588294
27.467553143221988
28.47442208849999
29.48270291056946
30.480106413622234
31.47602702372929
32.48130150944137
33.48203537947867
34.47523512202746
35.48223443834435
36.47375288937983
37.47674209336596
38.48146006906419
39.479878120600524
40.47536168324794
41.48323646542489
42.48476445485793
43.4828544279971
44.484932218959194
45.47338489241972
46.478103795511494
47.48315180176222
48.48299321301509
49.484583971616324
50.48589870361759
51.49145973994804
52.486408788836606
53.48416686896162
54.47889699358427
55.48324834404953
56.48875652134509
57.48640535190183
58.48902567891376
59.49567226254429
60.49486580294474
61.49367779353275
62.49175124389511
63.487501166168755
64.48872281382589
65.4982524416112
66.49426278485083
67.49654936579297
68.49803324373859
69.50225033133596
70.49663787407823
71.49547221857806
72.49337377067087
73.49841572159694
74.50106764664406
75.50370613999237
76.49869150282635
77.50553512743399
78.50672707106395
79.49657384259223
80.50542241689207
81.49631980369573
82.50068587872148
83.50170933117609
84.50832636909757
85.50424435190487
86.51518604064232
87.51341890217459
