10.327166979726764
11.325653909854159
12.323175522474902
66.06643008525619
11.76368085101631
10.778298965277733
9.74579771915489
8.763345534393732
7.7562600427790445
6.761714262540338
5.762607177585583
4.7570849373807995
3.7577973743154205
2.7605250550720903
1.7635721689521018
0.7644440116778161
0.03381991609050967
178.7854304520563
177.7945476668394
176.62770379861269
4.239014294494471
5.2446861210414335
6.233129113978717
7.234603414255667
8.24194957403987
9.233437604921438
10.224656444272824
11.222853804571319
12.226200510860338
13.226993081161439
14.227103020599944
15.228550601914145
16.232294361049906
17.22945889935849
18.230932750364456
19.222845515452505
20.217443118437163
21.200063661082996
22.22785056463499
23.221482558506892
24.225013168725276
25.232633317014905
26.232903041991655
27.213587461686068
28.22859192100495
29.230180697179545
30.211238299761053
31.231379687167312
32.22636305439536
33.22918848215794
34.22990788901804
35.236797853624005
36.23433382882212
37.23471226871033
38.2019918620389
39.22949390023039
40.23220171683308
41.24496691559323
42.22955179183742
43.20441012030083
44.23627824151582
45.22905449715215
46.226603662569936
47.22056256038436
48.22841677300569
49.21721906399036
50.21306915458631
51.219147444631005
52.225065584185714
53.20518792344887
54.23602387731804
55.22302734051209
56.21331162592367
57.219949557165926
58.21629634006531
59.221921453998185
60.21597976388221
61.2247441299509
62.22697273982939
