75.68602831699356
76.67766809437403
77.68581218337974
78.68631730514103
12.420543063799249
11.416415238593723
10.418874816371991
9.418022011176662
8.422161860594912
7.424264370520797
6.426938329507594
5.432099030133768
175.53910605848264
176.53953254541403
177.55419089845967
178.6133166008648
0.4362890422694571
0.5771062290608284
1.5739227589924458
2.5743725217758824
3.5660480852766745
4.57435954563764
5.577190554413989
6.579056550312044
7.579897811200979
8.579474220107214
9.578228812133906
10.59467316339318
11.59030975484148
12.583977778005684
13.593608687954669
14.586959268671492
15.59265916678948
16.58733855692742
17.593289407541906
18.593169755275913
19.598200186233672
20.592781913033754
21.597325765346383
22.599239074191775
23.5966440067705
24.600236600331314
25.592562050288198
26.594330333039636
27.598517669468503
28.608098834312166
29.60068529111177
30.631624467454873
31.59601796428284
32.606382679793754
33.60467029744375
34.605667586022044
35.60321972940586
36.60785788685042
37.60135670367977
38.59978832356393
132.64319121918334
40.604731735449285
41.60401304208881
42.60519532170437
43.60776581976626
44.6096956911316
45.60819906165651
46.60391282459166
47.60907349796641
48.61154594432016
49.61144602096052
50.60267563345685
51.61142949693989
52.608669429068534
53.612228909141706
54.606821508371674
55.610849991172906
56.612165316662505
57.61629259085169
58.61389655069495
59.60806454439703
60.60109271523862
61.60647388362868
