36.50260799426975
37.49976413134015
38.50007405964136
39.49596739015474
51.585454250755866
50.57829021212434
49.580612569714816
48.58282846798982
47.579853197108996
46.58384815298737
45.584235788129206
44.580329075994385
43.587754600249774
42.58618297676291
41.58740934480465
40.58425449233442
39.59189716363485
38.593671281238414
37.588922869565636
36.5885598189597
35.592910417907824
34.59226751142473
33.59146856809466
32.59040628294757
31.592310492471967
30.592613038269363
29.591376780684698
28.590758456349285
27.59265497916175
26.590402004468707
25.59570425802252
24.588285921377054
23.591942673965026
22.593719944451962
21.58962234848255
20.587744024810885
168.0830385015411
18.59379762320986
17.595734410641743
16.596850208830926
15.596627538322839
14.59229994510866
13.59049768034083
12.594665225170665
11.598404647081702
10.59387536142213
9.599528903496886
8.594170772924848
0.15483993285691333
6.595980254073192
5.592775478412138
75.63604296714342
44.39334483217073
45.46463645270037
34.924537657285185
18.03955676451094
0.41132516070006814
1.4159333247807784
2.4106639206750557
168.86506703282342
4.415189181209727
5.418733096930567
6.419480419451886
164.864475437123
8.42373131518108
9.423113222131315
10.42252977897937
160.87523639151564
12.423528036015993
13.429991688505467
14.421512523369072
15.427152024624037
16.4222216504731
17.432998623389498
18.424573537195972
19.42710363738461
20.431120607131547
21.428432065742797
22.42873718958226
