33.854210169791514
32.8689307019404
31.86791524820815
66.27477626536304
11.759994242312475
10.748875546736487
9.73834726440466
8.759599652091115
7.756687176786232
173.2368945393936
174.27728756728783
175.23524705733584
176.25303605611631
177.28259970268024
178.27404752716473
179.25252206492263
0.25342477979988487
1.242364330674273
2.2360869644937114
3.2474078027833144
4.241334103690257
5.246605698672559
6.246751918844458
7.235618171651482
8.240006500195397
9.23845179830084
10.233930842694138
11.237404872580498
12.23450708313573
13.237906031775381
14.235857732198328
15.234773038566082
16.23469994672434
17.242606908096647
18.23838851846915
19.23016826509702
20.225254478678906
21.22912637030618
22.232041194737953
23.236158174931404
24.228561469246852
25.231229066047177
26.232518598338068
27.23059819836842
28.232529181765756
29.227353794970863
30.229165157223726
31.227279730803666
32.229601528247144
33.21916684280937
34.2249303159689
35.21611199806474
36.213509903518016
37.226434873193924
38.21119499093142
39.22339807379923
40.220841044994344
41.2326017619689
42.23373314712537
43.22268844020441
44.22615621958332
45.221611784035865
46.223134975180066
47.21625138856432
49.950185287297636
49.216864313080535
50.214108014742656
51.21103920316304
52.21958078005107
53.211710424472635
54.22031193290266
55.20905925556128
56.188389772946344
57.2022706059713
58.19978818203286
59.20179656092866
60.17853624364257
61.17618100684186
62.186218004492524
