70.33159169395861
71.33294043285728
72.33619821454074
73.33479832470685
3.428186019407734
2.4264104822492043
1.4316745010650074
0.43587652147029915
0.5858181865735743
1.5805485559936254
2.58694523087803
3.5809445436426044
4.58101113447954
5.569277089468655
6.577497054318344
7.579173731000456
8.57714985926916
9.573416587883797
10.576213646810093
11.574497553425395
12.573977600972992
13.5707447127057
14.569949187629968
15.573381796880001
16.5697112276091
17.569319377799566
18.57270006676987
19.572318255608238
20.569874531573667
21.572347735565565
22.56914502348887
23.57037603734912
24.575244595347066
25.564392645096326
26.56897327679943
27.56568958827403
28.564480692956586
29.561429172490655
30.56459763847081
31.559064246048656
32.5648665159066
33.55841748375257
34.562054468571404
35.55878444903931
36.56073401915539
37.56284440908581
38.55878736854522
39.567501244586474
40.56557154940018
41.560047641519375
42.55514237311203
43.56020868619312
44.559144681259845
45.55911177975717
46.56086906923117
47.55557277335173
48.55979762900142
49.55880705446911
50.55146742313415
51.55377303898641
52.54987145571858
53.5450542925508
54.547309545909535
55.550721679493655
56.548566026128434
57.55465724959073
58.54220334373333
59.544710336808485
60.54058559929323
61.54529753155299
62.54398444205307
63.546734706982974
64.54093267035043
65.53566860947677
66.53969090605293
67.53700669568258
68.53846723362302
69.53559608338735
70.53783474444568
