77.07575561913703
79.57012598732709
79.04437433444404
80.03989618008333
3.5684145089092856
3.0726026592473166
4.074113066149826
5.072874043022492
7.572039072114769
7.0629966854517825
8.058439788719994
9.009547038933096
10.006487418111496
11.004686161688364
13.502085671679376
13.011421500071066
14.009845497345784
14.996637748549654
15.993768846326322
16.994186267318938
19.506356422110024
19.00261525962164
21.49844436353556
21.008735941706437
22.014456923696084
23.000008061804827
24.00630929601799
25.002082643897246
26.00367891763887
27.005558892705185
28.005938858169255
28.994776011825532
30.002948103170656
31.003672641591415
31.990640263924337
32.998709089912545
33.989580075675676
34.999954554955124
35.98895547895147
37.006346883175446
37.99897004015312
38.99480587845479
40.00567162986026
41.00048249230281
41.996094297272336
42.9805049960622
43.991561714426034
44.994317776995885
45.990105797024334
46.99029906052533
47.99841655527604
48.99653424008092
49.99481877058285
50.98448416836055
51.98188443377463
52.9835307338031
55.48841652869028
54.99017488463356
55.982202300842154
56.994932014516515
57.99977325481952
58.982223906078005
59.9853793729475
60.985003049422964
61.988271997315586
62.98505946136656
63.98652615001345
64.97904381468932
65.97780467224334
66.97744146981539
67.97479480732704
68.97559937864999
69.97204480440433
70.97836149838899
73.47066830673164
72.97705298251718
73.97512182633737
74.97798479935275
77.4696115253417
