77.20920084884219
78.19070116055691
79.18003614596087
80.18770459899469
2.22516501513689
3.228333207850459
4.229110551060868
5.223590617149843
6.2223917534907836
7.221179989938232
9.712190628100899
9.214436867362657
10.210844515322053
11.20974523515897
12.208787278324115
13.208759421347223
14.212076229283209
15.20854320078983
16.19844079323455
17.20831422286516
18.20704781030795
19.209053801742893
20.19844368677997
21.197215194576575
22.198365107496738
23.195141154389674
24.188630049941843
26.67801985714911
27.66635170335978
27.17664874872584
28.166712231661613
29.164332987093566
30.16766088625385
31.169182149278665
32.1587884509615
33.157864808344165
34.15140416296792
36.651947748024725
36.154273044044324
38.64995888300448
38.14901318700991
39.15225070956374
40.15757776597892
41.148749793043514
42.14620659734629
43.141508181688245
44.146764726892435
45.142878365009906
46.132127464603585
47.13350646177211
48.14169276391427
49.14427187994578
50.13384051437201
51.13329212670974
52.127172548721916
53.13657988771998
54.137289824023306
55.129943376351946
56.130966608226615
57.13357998165125
58.13875607326728
59.12752804424213
60.106755460556386
61.107096954928664
62.10492661040782
63.10713704646202
64.10265641840974
65.09632888923849
66.10147876879553
67.10267469038577
68.096916811596
70.5827001202628
70.08413670602883
71.07842472824245
72.08727777202157
73.07900156043681
74.07936477627966
76.57831534151788
76.08812944867142
