88.55537342844715
89.5488186966224
90.53781606803923
91.55024176562014
13.50924295345263
14.512415226308102
15.525048737405292
16.534783390522584
17.528159885450222
18.524148708697073
19.50947607828327
20.527270797165226
21.544525910592036
22.513488767457826
23.524322457720142
24.524537266450128
25.51960157986822
26.533248422434717
27.543218488500106
28.538849457231603
29.548146805202197
30.52169793617787
31.547965787385767
32.54430468780468
33.53802334495579
34.545183456320125
35.529565264560716
36.55738825602452
37.54630282873406
38.55660247999695
39.5282986081469
40.523838416790255
41.53630252041481
42.53334603284375
43.548762124764885
44.54045474550906
45.53219557043375
46.54066672986916
47.53362619014672
48.55655823329131
49.532742162458256
50.53158363586042
51.542525189183955
52.550794654378144
53.540778902305924
54.539584101692896
55.52945805528427
56.557437410894856
57.55984393271157
58.5315279344985
59.53630961119939
60.54503354455551
61.54065848305761
62.551104616455724
63.55091280989284
64.55964513204009
65.5615887329938
66.54180342201813
67.56548661982649
68.5633929121746
69.56181312332845
70.55533374317493
71.54608210537963
72.57080675590423
73.56342828194806
74.56794393782609
75.53793859341437
76.5532189806887
77.56253193308066
78.54727680491567
79.56809617664983
80.54277399960297
81.56209622494806
82.5508181804359
83.55692065075249
84.5682148256899
83.77878139890429
86.54340860989258
87.57022947570576
