76.9805568833408
77.97943365263257
78.96673044384568
79.97911374278613
2.020613533708092
3.020692190470864
4.022779822920343
5.016369299156917
6.018254180423346
8.523476948362092
8.02267798686336
9.022574865230158
10.021252878263612
11.016406782496256
12.01836464353737
14.52465791147052
14.01752521455653
15.013889823444332
17.5168670335806
17.01244918095012
18.021580965015602
19.015378740434645
20.01694479903133
21.015510832503836
23.52857593080015
23.018857074350283
24.017989451890852
26.5147246236932
26.017284009359674
27.021063613093087
28.01483261828286
29.011428751561297
30.01418576365537
31.01956680230134
32.01570800972967
33.015089800576064
34.00359959323369
35.01679037183329
36.01549235125753
37.01499841488036
39.51443815785176
39.01514992738654
40.02115882471191
41.01387148609293
42.01446320988707
43.009698028676254
44.009327061191065
45.00886944036659
46.006854838597235
47.00462467468512
48.00969706955651
49.00488729855318
50.00901946633331
52.51065598008615
53.50256551806596
53.00650909925007
54.01182159170987
55.00003225154178
55.99957380602317
57.00935115618591
58.012509472973434
59.00275829387333
60.0044080972595
60.99891963908218
63.499641697788164
64.5010904025084
63.99373480061813
64.99690266137006
65.99920591514487
66.99721278360947
68.00262843828742
68.99392483846175
69.98771285890783
70.99180361367426
71.99747214366982
72.98897358470913
73.98585569662994
74.99388543561292
75.99445384301613
