76.98044574245473
77.97588331383983
78.96767653363261
79.9816903152344
2.02174139307127
3.02001174557877
4.020218624387388
5.017146464184589
6.018898243664693
8.523072311555033
8.022222211028561
9.024103494151344
10.019833236948399
11.016060305691607
12.018217884033254
14.525279514153949
14.018114084178638
15.013003794678978
17.516291468560993
17.012893404108794
18.021652041827167
19.016142570833257
20.017745646569793
21.014160160237996
23.528324874368
23.01791513296016
24.018894013653767
26.513450379166496
26.017335381507646
27.020200907874337
28.014046415160255
29.01006302039276
30.01472075164637
31.01980064153536
32.01534866145189
33.015195807870434
34.00268514146348
35.016937682404226
36.01512877561613
37.01368279321199
39.51350340974874
39.01421473013227
40.0205742264425
41.011090070817396
42.01413585987005
43.00913245149415
44.00912410980997
45.00815979005042
46.00645618703512
47.00432198820742
48.009846713708065
49.003084833573496
50.00876741699109
52.50984843097658
53.501465793594285
53.00661407265512
54.010890624060195
54.999593274978224
55.99960643443252
57.00864309385383
58.013060539786046
59.00265696627029
60.00464955253865
61.00002176930637
63.498701054824515
64.50131110888307
63.99368887990367
64.99514850985068
66.00096301522096
66.99562229442316
68.00007296375577
68.99319987305122
69.98823164306843
70.99152584357847
71.99791052127686
72.98886238941245
73.98452971246178
74.99248407204504
75.99494428100168
