174.06409518041633
173.16161809683737
172.19429110454254
171.232286288843
82.7117855590377
81.72586837704917
80.7081387606483
79.71235260526659
78.71888492340538
77.71244529019107
76.73994807290609
75.72542178724439
74.71244783645201
73.72804897769798
72.74318543296408
70.19746916120503
70.70752184111278
69.72539807180942
68.71860357577036
67.73064896892829
66.72172455682545
65.71003350954602
64.71588957827497
63.71015533007109
62.73210043076336
61.728001452720086
60.69991686108612
59.72052414521706
58.7079444800042
57.70093196441875
56.72857181971467
55.72094209792858
54.718898731799044
53.71560206484037
52.70205957626554
51.72228386644191
50.70275080005616
49.70578791121773
48.702273027524534
47.69922992955982
46.705759284262
45.6976714501472
44.701069373309636
43.72077209583242
42.69243948438062
41.71417838891284
40.71475141330218
39.71663127997451
38.71664054931687
37.718671793948126
36.72246592654199
35.71972342729252
34.704616518756055
33.72024822936776
32.714195438459654
31.706382126929807
30.70690022270176
29.694542140744787
28.71808506004509
27.722961470609683
26.696567810083614
25.701991859222964
24.713109623879014
23.707725726223188
22.708620302125777
21.70450233131041
20.685832413190603
19.693922664704708
18.710594825034292
17.70898853821787
15.170082173516777
15.71592776690774
14.690526201859408
13.71071723973907
12.686938026203629
11.699895399594872
10.6943321743574
9.701303530048472
8.703031459133957
