65.55591199527228
66.55721910277727
67.56316818034973
68.55688655222671
8.205075019964521
7.203828236366079
6.2031867086172126
5.205557941215945
4.211603985797809
3.206712004321266
2.2122966437327256
1.2054007060672929
0.22084469290788536
0.7802272174448207
1.786149813778723
2.7974492400647173
3.7915328680819993
4.784845081908391
5.7827146354531145
6.7823279450068785
7.790817368143242
8.781936041428503
9.783262584619212
10.794202035667315
11.792063113026792
12.79153259276708
13.794340527673702
14.783789492571108
15.78449305230986
16.78408202400994
17.783583374586115
18.775765699116302
19.787723647493724
20.785968595135383
21.775630985475814
22.781797713408796
23.769835335942194
24.7766138263842
25.783029989206074
26.776510379929334
27.775706667492138
28.776228770831235
29.781418131154908
30.781001094924655
31.76884179563553
32.773245704207426
33.7703320618986
34.77383528357158
35.7744321067506
36.76472441355313
37.76613083649364
38.77430556221628
39.76815061262631
40.76079020142388
41.75735917869722
42.76880000578805
43.77231394988042
44.76696681637216
45.75989509943474
46.7657094575491
47.77968064361552
48.764014455085054
49.7639981057875
50.76824831574924
51.76177388704339
52.761125483171504
53.761902923528595
54.76268813198157
55.76547976764508
56.76152710850019
57.76818781230468
58.76193155729394
59.75107037869118
60.75676506556612
61.76353351499519
62.76159129443276
63.76224396977404
64.75819213309856
65.76888502599574
