76.99175826226607
77.98937939229285
78.99145116973139
79.98055951629749
2.021004123497571
3.0141092480116245
5.528270582628433
5.025205287952815
6.014127501497576
7.020793693853121
8.010768617896982
9.022755968044995
10.01481953116307
11.017635284242106
12.021784187194474
13.025904497730668
14.02289302658827
16.518641318783278
16.00366717614489
17.01971989086155
19.53089033675192
19.0259824684419
20.021433321992628
21.020974341936498
22.035821126813666
23.02066035964451
24.01598083077952
25.022279200468315
26.016160155168972
27.025660314102637
28.024330852214863
29.01671663599043
30.011692643922093
31.019009244041044
32.0139045754304
33.01467077205875
34.00479017269158
144.98504215465184
36.01951877153596
37.02638741177087
38.016367956832916
39.008058078647316
40.02119395312842
41.014247305523945
43.51540033723182
43.00009089828289
44.010863759104495
45.01549794568808
46.00871964294427
47.007163419175
48.01488318448442
49.01884557110685
51.519038863997665
51.0024836366469
51.997090341905285
53.00269311821299
54.01452461719279
55.001123638299326
56.00030748593221
57.009223073777754
121.97366849909558
121.00612412103351
60.0067889354212
61.00638532437315
62.00238517274259
63.01069956660565
64.00673136009574
65.00222387548409
65.9934687906804
67.0003236366228
67.99418821779888
69.000222252324
69.98879587294135
72.49654620306185
72.00549027444723
72.9980643836054
73.99765439109922
74.99152620915244
76.00086397865458
