94.4575238825033
72.6078245681812
53.61446261820826
45.03165927128424
1.8049227764162155
2.2866529466754772
0.04548923322938267
0.28437836030065483
2.2050665041906727
1.7141592246744248
4.204661272296488
5.208326520376358
6.200178116937717
7.198486920241578
6.731707863439673
7.728909674268534
10.211022365885084
11.202812892213956
10.706736389655918
13.213982705831581
14.208961759055022
13.737914781705056
16.221172631260977
17.228656516841443
18.242642661615292
19.22872796480163
20.224297971486617
21.226230982015508
22.22400643866822
23.226514961946872
24.223992541054884
25.230344969873688
26.23476917518931
27.22485271049019
28.224523557161604
29.225054892261536
30.21903814287571
31.221372480816978
32.225090337720935
33.22407639848758
34.22914750722137
35.227465630081795
36.234611512400456
37.231034713610285
38.22608403189088
39.228231245241076
40.2242765843201
41.22983614861182
42.225758036937634
43.22304749900842
44.226520474085135
45.23413627568115
46.23617627674531
45.73706498851389
48.216469938845286
49.231841841895935
50.2385962943572
51.234684495864826
52.232608073512715
53.23943097957308
54.253751455576136
55.247198196492306
56.23614125697588
57.22945622960037
58.237903451907975
59.237767051083516
60.23777068087538
61.242829417216036
62.24127374461561
63.23379424742981
64.24414348568571
65.2358907637122
66.22600627246592
67.23505672268972
68.23800392338508
69.23727598693173
70.23492726309833
71.23670512885546
72.24811303112419
