23.42336955138142
24.42321728925549
25.42515212378766
26.42436081772587
64.63299938006493
63.63289948975208
62.634856192527906
61.632019515728814
60.63329166195482
128.03329115078182
58.578093790828945
57.57325991952176
56.577145330537896
55.58402366307919
54.590376301509494
53.61806313000021
135.01680759410453
51.62439704470791
137.0120039481671
49.63534403568856
139.000085025023
47.632067467716745
46.638322178963705
45.634396780266776
44.62751308389521
43.631300424378196
42.63756621805283
41.638380972627374
40.642213307758404
39.641233199154776
38.650634281411854
37.64408478419979
36.65320077278139
35.655218760403145
34.65794159898435
33.65607531538532
32.647371993402
31.660031684378314
30.65361198451556
29.653601532052495
28.6521183933161
27.651143532194567
26.653845365926163
25.649589636044183
24.654942694206106
23.658241381935213
22.652527152011192
21.643052461974165
20.645577123617365
19.642577714526116
18.627890623900658
17.650274934692884
16.65101580978025
15.653620373356388
14.655537901611618
13.654783874970589
12.64878067746156
11.650741854228022
10.652059799285595
170.26825448184096
8.695034068679162
7.690970994173519
6.697255295263578
5.687665959664209
174.69178235091385
3.6790996660029522
2.6829642523032264
174.80457558150425
166.1881538020345
0.3245098726065701
1.3194152513889847
2.3148609529877104
3.316736087989267
4.317910972486694
5.32361139097503
6.317715154112122
7.325354902197954
8.321989357668011
9.328242124409787
