88.52190469674399
89.51785601814825
90.51293559878341
91.5125403838701
13.46240803469618
14.467232843913058
15.465272358941062
16.47357809708296
17.465884028135722
18.476733169947043
19.468725493443504
20.475287473374554
21.47534310945366
22.471024261005752
23.47189770186771
24.46938829619317
25.477052278180427
26.471045281926397
27.477269279945215
28.474544632951194
29.475459712279395
30.477918620093057
31.4727735448063
32.48394512452482
33.47428122557033
34.484204050489424
35.47901306795749
36.48692667255476
37.48150348851659
38.49043904289625
39.487841799979
40.487682488151066
41.490276301754484
42.48487543637579
43.49048157073988
44.482216128600214
45.493614552214915
46.48546481721984
47.48362623692694
48.49224696481672
49.49192357663141
50.488057755169386
51.48475631199333
52.494216863758254
53.48605618888286
54.497811170566294
55.490372266932496
56.49775456562618
57.501047642730974
58.49920818912424
59.49698137559605
60.491165841771156
61.50269731460227
62.486554194130214
63.50549778780849
64.50027494168518
65.50504712807661
66.50538089419636
67.50135430645521
68.5010189690105
69.49970399624952
70.50876184011568
71.50211522452435
72.51058735117967
73.49990946368855
74.50964298381264
75.50785336175204
76.50886369128291
77.50359530885206
78.50230603905993
79.51657563378824
80.50490973668728
81.5172026940433
82.5109917346296
83.51844024325392
84.51097291485026
85.51467925291519
86.51335620681583
87.51686711488422
