104.15214745670976
76.86940726869071
77.86546079980452
78.89037642526512
1.8751628847846642
2.7613974916565107
2.2857713188007236
4.767040247026703
4.275002033138752
5.275141545138982
6.255380086341588
7.273257293136402
8.27996210860511
9.266795147955772
10.276944912909514
12.76839014950582
12.279883256493868
13.270616166128878
15.75245578200623
16.756311332915413
16.258781444381352
17.250041939659184
18.24671515536689
26.078113620498815
23.48228792569616
22.209155573807003
23.695668250510128
23.25500455533514
24.26873290573578
26.80056327063875
27.798046250691364
27.309220828730545
28.31584557357547
29.313304594201913
31.79149642262502
31.316044583642864
32.30871962010064
33.31890793547212
35.79616547891439
35.31982087272678
37.81742183687209
37.32584395372372
39.804077746607184
39.31607014352225
40.31329102553082
41.30685848634508
42.30836013947437
43.31414216212637
44.31777488548837
46.80400157532421
47.80269311016756
47.32637485498304
48.32421696215373
49.30511549321401
51.78119323808349
51.308182785509985
52.31564013453447
53.30911457605905
54.31174610795966
56.80745129588788
57.813115581186885
57.303966733519474
59.79137869538078
60.80327338681593
60.329877143647565
62.81223056286733
62.31845971593873
64.80389752135959
64.32501807075337
113.18222640779709
67.80467138411156
67.32170732183296
111.68513704636841
69.32578424267834
70.32423072645018
72.8196355527833
73.81880079053057
74.81297447627666
75.80834781244768
