77.00056552546211
77.98822543623604
78.98869764945516
79.97860528695028
2.0129942619108547
3.0219635689173225
4.024381790659852
5.020899106277997
6.020599680978111
7.017332808396835
8.017844194658819
9.02641195397503
10.017702174739314
11.017708796076825
12.02281775702927
13.019397775332086
14.02120166236804
15.016627526994728
16.00755953279251
17.01852023958079
18.022286054244898
19.022391533999958
20.025829133195643
21.027935549931296
22.03330028289082
23.02484973585284
24.01875943730674
25.022676959499012
26.021249063799637
27.02746847800257
28.026200799144945
29.017271204815145
30.025591617370228
31.025064770838256
32.01886492018047
33.019830075046144
34.00857416438948
35.01019522208834
36.017448260506
37.01631504034337
38.01533571920666
39.02398290248702
40.027950090505485
41.01918642746122
42.010198914038654
43.01715033496692
44.01376698674609
45.02334837491517
46.01834454252664
47.01357675601275
49.524020352833375
49.02158254315909
51.518566806583316
51.013712070312486
52.00577108700002
53.0144243514289
54.012996321686934
55.012423047358936
56.01936899077929
58.52290361536204
58.0287324208734
59.01819848804204
60.01883950078959
61.01418536351758
62.009264545504834
63.016536285740564
64.01738252047646
65.01351224617125
66.01388727644381
67.01801120746542
69.51855381878367
69.01199202098627
70.00437476700313
71.01184547468348
72.01002381362694
74.51746297233511
74.01199817665463
75.00959429428687
76.02842292648234
