79.47796172231673
80.46284005874683
81.4775217855224
82.47263332445532
5.335981988130693
6.350282745843851
7.3527055137196395
8.343861116871583
9.340519584781148
10.344203471441062
11.346605900117904
12.34425210186293
13.327403995596814
14.285671620828392
15.287709004019998
16.29185740365536
17.29673461662091
18.28398270625919
19.22192926665913
20.353847434208678
21.335368437181184
22.328925071103672
23.350062424133263
24.354507842567592
25.36270727914762
26.35752545128112
27.35477880533921
28.34547499844663
29.3582518395325
30.35757170948671
31.35435394443887
32.35632639383507
33.355124405455896
34.36261699902612
35.361162098991805
36.360557590838546
37.36073210557842
38.3580634331931
39.365716401892655
40.361598037211614
41.36558294828878
42.366632734945185
43.36496306660646
44.36482612905308
45.364273435653004
46.354237996725296
47.35796517307248
48.36406365072899
49.3624218269093
50.364392272292825
51.36144422269554
52.374623870872234
53.3657022676431
54.36977279086977
55.36259214876032
56.37357567958967
57.361823880557274
58.37118042753906
59.365847594296184
60.37289755723561
61.37258364663055
62.36585557257097
63.37464833539187
64.36669278773012
65.3781566712227
66.37781396411316
67.3764467259681
68.36939803747082
69.37760104665112
70.38489975087242
71.36267289171143
72.3721129395038
73.37155172143882
74.37271636552106
75.37894580963261
76.37605222288038
77.3746557035587
78.37487831658744
79.37969696418072
