82.52767096095107
83.52708132609928
84.53168356606986
85.53186051232011
7.5386119108817455
8.539629467146252
9.552569290305962
10.532068490282905
11.524318674848969
12.526460243722019
15.010892236039222
14.530291609216299
15.531192449137189
18.023273328963654
17.544142864932947
18.543038465344143
19.539197854507265
20.53485234971823
23.009916539422722
22.531396352098696
25.021740731417307
24.54039974334906
25.539225524684777
28.028243501697805
27.548299189809832
30.024511901320796
29.532078073166318
32.0381266042467
31.54718964457108
34.04501233128282
33.55411209032693
34.55223494643199
37.05321942995455
38.05697079476837
37.55873853837757
38.55075978053664
39.544313989680646
40.54581856713372
41.55559780436647
42.556854786195444
43.55477442179688
44.561182939527114
45.570756083539855
46.5582873310018
47.55586761959241
48.552485902141534
49.54640821254158
50.55928899611093
51.56229571580662
52.55682324101824
53.56901397352775
54.56538296363167
55.5669409973573
56.56033102094949
59.041405198811766
58.5549481196409
59.567195517891356
62.05620076540144
61.56717281534766
62.571924329005164
63.5837615723929
64.56294150777023
65.56808730571615
66.56100240289796
69.05420597625712
68.56597633713142
69.57013974348787
70.56299050182898
73.05997709144052
72.56862641431422
75.05729614033997
76.06948779669976
75.55090469016257
76.56084684203118
79.05701997582835
80.06254857150384
81.06129569375842
80.57502071496702
81.58461281328591
