76.99228789811974
77.98817076025904
80.48729036852623
81.47795569798073
2.013932930506501
3.008065261630339
4.013094049239826
5.0169695208030145
6.011701145756087
7.004650665254093
8.007594263330079
9.01181615253441
10.007656638790637
11.010439173965805
12.017683942309
13.018997303339162
14.014572283568326
15.00755419571887
16.0011714559762
17.005270945889908
18.01451724359261
19.010031028250285
20.005715989808937
21.0134855544046
23.52236053498488
23.00470081118001
24.004600931296633
25.010456230963605
26.010244836424185
27.01164388130842
28.01300108663013
29.00770142198448
30.00552020920576
31.000933518076042
31.999131300559778
33.005702727182296
33.995396929204894
35.00671886951373
36.002817109822914
37.003574187157675
38.00765374151031
40.50173830265554
40.007305339173016
41.003367100000105
43.49683285418561
42.992752983966604
43.995149515015726
44.99826903931783
45.997676122258476
46.999982762359835
47.99654524486945
49.004564335699435
50.001883854023944
50.998823702387504
51.98224181708093
52.99201968608668
53.99901153227992
54.98964529936533
55.99141071802754
56.99895308701352
58.00524360984748
58.99013302492972
59.9983243576157
60.99396208376431
63.50061142959859
63.00151585015398
63.99245255732
64.99040656608963
67.48655144520701
66.98852292262356
67.98284951815972
68.98750843785524
69.979637377007
70.98558850920766
71.98609643745633
72.98634481014282
73.98733777058837
74.98664017419648
77.48774460294582
