84.02189903240219
72.42244810644874
71.74375420220852
62.02569466163303
169.9679032109439
10.802509496626003
9.803198618450882
8.79965609671853
172.19531548237526
173.15544239101078
174.18332628534947
175.15822085783344
176.16375564973902
177.1378914563637
178.15479763606052
179.17493414490664
0.2032498651004258
1.189316475755888
2.1778525714348405
3.1865939366084057
4.199444373178038
5.183303668296979
6.190386397575705
7.200378684128029
8.206252718653298
9.193380100723116
10.187156374055158
11.202650685953788
12.194543437375993
13.198252389595
14.192929518375363
15.186895888302566
16.185776184988427
17.189765248177153
18.18402870775296
19.19342145375197
20.18565427013131
21.19427257018877
22.19460669597631
23.200240459371962
24.192423974777714
25.193129568185324
26.19104427425633
27.191210365126388
28.197714342849558
29.191420136421815
30.185819866397527
31.192389344547014
32.18970552134366
33.187286621613985
34.19175159280123
35.192179966729825
36.187563188625916
37.18603035404885
38.17699559455744
39.186003230555905
40.183144133469106
41.17864370539194
42.176878135292846
43.18657839826337
44.18859038566295
45.17761669620781
46.177707539688136
47.187395050571354
48.18349736268612
49.18547452602241
50.182341810008
51.16942962518255
52.17122647953389
53.169329253153215
54.17073196757695
55.17832793331241
56.16258394503831
57.17888812647365
58.18028870402458
59.17541699248591
60.17083972205529
61.167423852242486
62.171677927030096
