88.50660265601583
89.50120777610117
90.49682179418672
91.49592147467378
13.457608723114937
14.461959621570072
15.460597011623948
16.461775121149362
17.46219998520226
18.459612720675114
19.461368797428122
20.46740540564565
21.46388436294475
22.463546986240342
23.47101283006023
24.46986526591266
25.470941644854022
26.4682334276467
27.46384349563346
28.46766515914313
29.464810015052247
30.4664361888283
31.46696922964071
32.468015016991984
33.47363098322442
34.468877534280736
35.46886237309125
36.464511283337444
37.468905107939655
38.47274861865232
39.47578665712719
40.47737159535997
41.47846894742877
42.47575854063848
43.4708354886782
44.47201530426389
45.470341344099644
46.475529933943534
47.484841971778124
48.47685147820267
49.47515751882863
50.48179235834028
51.488743013603546
52.48670562566778
53.48095975990948
54.48213657069831
55.49352563144947
56.48253110382841
57.482058670348955
58.485007651736524
59.485254590850445
60.4884614173878
61.490502769458836
62.48822582975412
63.48196723822015
64.48855891455146
65.48506919814619
66.48739433004374
67.48797800721954
68.49286013226178
69.49303987690467
70.49329669045008
71.48870087141029
72.49003139317803
73.49207812872609
74.4951319694908
75.49420612749822
76.49716650653706
77.49905944846259
78.50220439413567
79.49833674216546
80.49417531032518
81.49582722801155
82.49499167175638
83.49227404867784
84.49472376066902
85.49843879811408
86.50535234957627
87.49633756094111
