76.97495576374055
77.96870845200401
78.96590317501752
81.4583772517901
2.016559505462471
4.519129159748134
4.012628171550496
5.0251895606670285
6.014519475631101
7.027778886572525
8.010684296443728
9.017306808450426
10.012079913137097
11.007710985422728
12.019318034282119
14.505970311252415
14.01237698513577
15.011598772390068
16.01299886894856
17.01583176592155
18.01880747038094
19.020447390294514
20.01695466908583
21.013962371029375
22.01953040412856
23.024320992553797
24.023216650255222
26.526939753118036
26.01395181419031
27.018712727061445
28.012727769655243
29.013091997774925
30.01894608252752
31.005821585954443
33.51320597533364
33.00734626418752
34.01256058166215
144.99300260694963
36.01245300272005
37.01232673097813
38.00870505460277
39.004207484234044
41.50743554426361
41.01236420485124
42.012665231743924
136.98546604240303
44.00367834077212
45.00347090402812
46.005859623264406
47.00021111051643
48.01005395303022
48.98742944621565
50.001371323914675
50.99443796017372
52.002300310939894
53.00512698400014
54.004057603026155
125.00736467817191
56.00515111613382
56.99680282237488
58.0029500571421
59.01027003250375
61.503027888408056
61.006378927557755
61.99143637911813
62.98992097126416
63.99318400151749
64.98791009783892
65.99945638564739
66.98278357647725
67.9940451887875
68.98520811415462
110.01504385857059
70.98828555913947
71.98879086265472
72.99277431399167
73.98574225301816
74.97951109741743
75.98204915879948
