88.51852141800872
89.50720307113541
90.51742091069265
91.51661486032961
13.460635673722354
14.470387030368222
15.480480626978753
16.469130853705213
17.469058660034534
18.47090959585037
19.465672081833308
20.472250204714893
21.469826002164712
22.47434969142851
23.475989741319207
24.47525876253732
25.470469750816584
26.47052361852724
27.463763979876152
28.47123313124359
29.470840538847234
30.476282421521514
31.4699110056978
32.47432195556548
33.482044513902785
34.47650732487123
35.4785334578532
36.473257946463534
37.47022449421189
38.476291883420814
39.472642693026884
40.47170224912872
41.48194539398121
42.48613833740943
43.48442371320367
44.4764920894779
45.463387054949614
46.47161198345644
47.48239726312445
48.48366242139282
49.47689570903519
50.487001156510125
51.503907317156404
52.49462545394223
53.48175908220371
54.483492836415174
55.484150363776955
56.49070141622862
57.487092157822495
58.48695946799602
59.48980033775518
60.49052440507865
61.49295063583502
62.49155885137282
63.48047792526253
64.479162704289
65.48741363733643
66.4893593513835
67.4959278999164
68.49828925584131
69.5076185513583
70.49498798333963
71.49583335276944
72.4876128461924
73.4944587970291
74.49692763528006
75.49689924652894
76.49188579445931
77.49920879579923
78.50589104629269
79.4988755301374
80.49980129338016
81.49171506769459
82.49523459938094
83.50489653180826
84.50238413635746
85.50764663551874
86.51257529891924
87.5152578639842
