88.51747540243912
89.50577405991834
90.52039264916422
91.51346189498778
13.460172642965523
14.469854872798603
15.48056075829476
16.469478429518684
17.46803613512421
18.471667843676215
19.46704714313935
20.472381805870533
21.471257753248867
22.4737488082133
23.476114630654184
24.47531946922286
25.47137398831811
26.470801549555244
27.463300520907637
28.471478570796116
29.47087745809036
30.476688121329698
31.471331144289568
32.474630234069046
33.48252840678091
34.47628223023737
35.47777089589207
36.47347600996975
37.46959126555454
38.47623367115559
39.47313171139009
40.46982114114731
41.48140982228629
42.48587469520449
43.483807903536785
44.476945625166614
45.46434635967457
46.471466318555954
47.48370182244319
48.483911511443296
49.47638150489749
50.48716093329706
51.504246703821515
52.4939618871357
53.48109311223301
54.48408349579606
55.48598259544078
56.490235640824274
57.48762420355803
58.48640519250763
59.489757663812775
60.49029125702415
61.49195389148704
62.49102961800795
63.48066743103844
64.47825192338158
65.48701886871496
66.48926164055354
67.49585500776632
68.4977049531584
69.50738237992067
70.4971137641298
71.49569970011714
72.48624235587306
73.4929780082506
74.49534247679382
75.49829323752434
76.49341907274825
77.49835433801506
78.50431464313328
79.50051311414794
80.50348822027154
81.49142948738576
82.49228650195847
83.5070537807427
84.50553828225657
85.50543306988686
86.50975245889846
87.51840377221714
