67.9594369102761
68.95865334373829
69.96456174717652
70.94830191996098
5.808002045652472
4.809378938089889
3.809532278548391
2.810261603704124
1.8044661998356604
0.8090778836380192
0.07180824852014953
1.198771477653171
2.19370209731045
3.1919626205596408
4.194624719757342
5.192115929431887
6.185441290734299
7.183659169837232
8.184794572956267
9.18667862846612
10.187001603410318
11.184314088113254
12.180492429713075
13.179447164064996
14.180294082039852
15.17992259731215
16.179345539761574
17.17972781066924
18.172311206717353
19.17332918896932
20.179455188652664
21.18121742740279
22.17528663730349
23.181129947734636
24.182632257187905
25.178573698890986
26.177120047685197
27.171457127979597
28.17906801623805
29.170954165513734
30.166854227003697
31.173366834326632
32.16666486460154
33.16712156663053
34.1674053366213
35.167558720683594
36.16448437850249
37.163297671374735
38.163323859368155
39.15886722728871
40.1636040358271
41.159073139681475
42.16063989447913
43.164938436837154
44.162065750840625
45.16298141382076
46.16457796493863
47.1650001296823
48.158536460201525
49.160462400476014
50.15793124685066
51.16194484761688
52.15729442491885
53.15730706947467
54.1540048543994
55.15738121517836
56.151231903347075
57.15213373863539
58.15558004698433
59.15217564274235
60.14826963463575
61.15344922615761
62.15330443137597
63.15350060108588
64.1548804443071
65.15411756455589
66.14675573801144
67.15297032446426
68.15605494245094
