88.57195906323199
89.56501933238394
88.7966127795732
91.5454033032006
13.539641205351227
14.548366179442201
15.549365587505873
16.543220360178672
17.541923799702154
18.547252609035997
19.545102161973134
20.548378181021835
21.547672816008777
22.541450238434212
23.543214490314394
24.556640381794924
25.545187701844473
26.547210183492147
27.549054124441085
26.792528507338993
29.545345701207403
30.548111145971426
31.555163216716004
32.54345969307267
33.55636239764083
34.547390373497414
35.554021799108234
36.55427506592029
37.55418771097254
38.562254246851474
39.55238235064708
40.548386747887356
41.554336101978656
42.55530992398634
43.554870258991905
44.56337264072622
45.5551253313595
46.566062004528604
47.57321289648084
48.57664798109507
47.796525539126804
50.556672912445904
51.56110802227994
52.568621714112034
53.55838547118972
52.789410186728034
55.56498553522127
56.56903925805545
57.57239027851929
58.5603156059744
59.57096929093368
60.5648410274816
61.55989355673092
62.56302170622419
63.562112845408095
64.56877287367011
65.56816590868895
66.56353049535039
67.57481484540133
68.56823520651204
69.65005381780065
70.63036365799607
71.63087180173291
72.64138351696961
73.6397191427554
74.63730718200186
75.63091631179779
76.62627086517057
77.62419139709644
78.62405161507625
79.64023496646784
80.63966377287608
81.62385004697158
82.63081283553355
83.65435141575703
84.64887880008548
85.6212455859356
86.63754185877887
87.65004414527002
