71.52828671799223
72.53295090487745
73.53854936967412
74.53228147427387
2.226489913144192
1.2257194730237588
0.23732039480151612
0.7698721900089607
1.7773123833910083
2.782782714374726
3.7710426684823717
4.780408443372062
5.7768046397510595
6.784869881744219
7.7689652284956345
8.776657202166655
9.779015659538704
10.77867213285871
11.777477144443946
12.770880130052182
13.787603891362458
14.77814915791245
15.77729452261613
16.780901901964626
17.777058400756598
18.77274696003295
19.769796808502615
20.770664415708833
21.771062498749178
22.771891131251653
23.769159061734726
24.766232256980157
25.76970051339964
26.772706023454138
27.759839053011014
28.775341604029073
29.767628796432753
30.76879678478049
31.765259212790102
32.76640058227268
33.772099151196464
34.76837528199425
35.76591155318993
36.76354824440989
37.7728072307438
38.761845675200206
39.768095760654305
40.77011482348248
41.75954804132783
42.757773410837956
43.756939641713224
44.756462447425676
45.76172441842621
46.75631310589048
47.75947675913508
48.7528995042388
49.75726105507815
50.756595298791076
51.74419542768943
52.75911186069651
53.750094755948474
54.75304030115104
55.74917012494166
56.75194168275151
57.75739529658852
58.752361212488694
59.75065345505487
60.7424429755261
61.756354729031145
62.74634932290017
63.75410334265886
64.75486561922958
65.7484934644144
66.74596891390061
67.73740428779713
68.74372807042059
69.74602883135474
70.74366231239594
71.74291703019041
