76.9955870881372
77.98965627425645
78.9896504612512
79.97946563096966
2.0219778889629576
3.012551880666726
5.526431646663676
5.0242483043569175
6.014208113732627
7.0203984867504206
8.009122772645794
9.022004942466463
10.015181055943671
11.016852329812036
12.022034456505375
13.025618493952576
14.021234142652839
16.51802700841023
16.004205005823994
17.019878006751636
19.53134197379421
19.025747428320294
20.020945175513692
21.021453457158394
22.035618194212326
23.01948516440799
24.01679615169586
25.021816510252698
26.015509183715395
27.024421176835933
28.0230045654042
29.016693987639883
30.011340840823085
31.01829208255419
32.01355653925011
33.014297850438496
34.00411479585616
144.98570668951314
36.01841644556579
37.026771279030385
38.01644560317893
39.00734362767703
40.02094160455154
41.0122317275322
43.51557203437862
42.99856848146663
44.00794488140372
45.013523055714195
46.006753044437176
47.00573350840119
48.014118488095136
49.01782180049124
51.51827684624092
51.00204996756779
51.99650485015147
53.00235989091595
54.013503781933764
54.99977332642125
55.99870200803867
57.00715133330993
121.97358678161477
121.00426607208036
60.00570839556961
61.00518320166497
61.999807838151
63.00863715961875
64.0074612100034
65.00142415584499
65.99236666599116
66.99951086025972
67.99394127125251
68.99937543222626
69.98716717846557
72.49773295163821
72.00597651713686
72.99657426637071
74.00073550280833
74.98938983588869
75.99938811072832
