56.96880807897743
71.2832080095564
39.16213179416162
59.08980820821704
8.882063083965589
9.885876629157101
9.405365464058875
11.885912978210708
11.38497291271494
12.39502779427833
14.886822640952717
15.8859465341906
16.879235744237484
17.88205044590812
18.884921969779047
19.891374955188358
20.89234679061228
20.392961668726375
21.381199470034133
23.88167012985998
24.889021174653205
25.89056557718121
25.38940716712997
27.888234149426626
28.901163656192587
28.39392215916316
30.88109560633808
31.887029474618885
31.38957942383406
33.88859598536309
34.886560101168975
35.88574542288323
35.379471589889455
36.380338245207774
37.37894940069345
38.379492443534716
40.86584240548517
41.869244224313576
41.379303007630085
42.383006955440564
43.37718910921868
44.39071549243511
46.88707431305972
47.88008044744701
47.38358420194855
49.87892257025283
49.38643281171184
51.882035604441
51.384913601910576
52.3812879390203
53.384696986698344
55.88260077766202
56.88468255310774
57.88583497601661
58.86891007363898
59.87926954416352
60.88207448349323
60.38354735859882
62.87300342295802
62.40132705481964
64.8941991943624
64.39078469573768
65.39602682668347
67.8917673918466
67.40126520730666
68.40252318569327
70.88317677785176
71.9007744511985
71.41467866755617
73.8910293095911
73.40832555952365
74.39478434095972
75.38509586534413
76.40672915843044
77.40847964615212
78.40068409825845
79.43673138627135
81.94619570434537
81.45777401623366
