88.5099232810697
89.50793401659305
90.5033433714122
91.50650401403153
13.460652707848823
14.466013776678333
15.473546791129346
16.46672191261184
17.46547745780251
18.46616533948633
19.470551497953995
20.471861630972086
21.47397956147183
22.475233167552798
23.474130301040276
24.479813526362012
25.4727718014868
26.46972299101905
27.464526178393463
28.471012561586257
29.47277978390924
30.47248558733717
31.472766314050983
32.47432299357608
33.479268872876986
34.47921568612564
35.474223162428544
36.47122168107666
37.473776809941896
38.48074727620954
39.480304934940676
40.47420768368192
41.48454084594788
42.48426074510275
43.47783311317421
44.47534220745021
45.475677199711086
46.47560798896219
47.48374650182386
48.484757136078215
49.48619479247952
50.487225082773556
51.49441501605392
52.48757148454829
53.483709912910804
54.48319061108129
55.48285797805961
56.48983482744355
57.48718311820861
58.48852692140623
59.49475207374312
60.494486755584866
61.49091211397122
62.49424206444477
63.48822433390179
64.49689377277554
65.50166413618855
66.50195525896676
67.49885732436894
68.50494691875754
69.50487946233778
70.49937702815832
71.4974662027316
72.49897765314863
73.5058706389412
74.50421956934815
75.50356745344737
76.49626581529823
77.50438219808557
78.50656231728308
79.50016084513064
80.50390646398853
81.50163219930722
82.5065083706054
83.51068805417829
84.50882864584207
85.5086405693436
86.51088975132092
87.51735856990996
