64.95437317601419
65.95217141945437
66.94975859233719
67.95351035476504
9.069584092313935
8.068768600430596
7.071909819584689
6.072440967728425
5.076453565707997
4.07739833743807
3.081381627725088
2.075551173722525
1.0807464808021836
0.12813551306479068
0.9204710459053013
1.9262022946586885
2.9201802964007597
3.9260350730177724
4.9249581988426225
5.914408975605759
6.92391595774427
7.922849103025607
8.918358065868649
9.920629330055943
10.920057778792001
11.91873020966658
12.919902722741366
13.917095327280997
14.919183746055303
15.913104278244107
16.91693282525406
17.91918772177432
18.91593157666198
19.911898685050133
20.907640352236484
21.906072246963568
22.907517349963385
23.909696637446842
24.90062135841209
25.90940567468765
26.911467781392354
27.909688944106723
28.902916594169135
29.900846467423083
30.90456841816989
31.89512913804405
32.89168366735572
33.89818067963236
34.89636026294885
35.90281272559312
36.8986188657804
37.89298228348064
38.897485634981585
39.897768999559084
40.896765272575784
41.88780213978869
42.88731321903211
43.89016094213709
44.89312865206455
45.89554922091626
46.88922470664535
47.891205179556
48.88710069670233
49.88629400904791
50.88266719503931
51.88777418232219
52.88637355722916
53.88686760678843
54.88562365606516
55.883488777465274
56.88784942066529
57.88182944698852
58.87467775604825
59.873278560804295
60.87439927916005
61.88116934730642
62.878061150487675
63.88122222461158
64.87816249413656
