96.25943496400451
67.46131307201611
47.79181943874877
47.51665616024709
1.8044163179158137
2.2864965771157886
0.03377407685308234
0.28098013028710284
2.202249630180286
1.7121707638974375
4.20161806187192
5.2044973451856915
6.1952862793846695
7.195690984327901
6.729311877271857
7.725391821331225
10.207646504562218
11.200447925740985
10.705021471499322
13.211813179018657
14.2047151855247
13.735881742190928
16.218148585496518
17.22707269161967
18.239813511546977
19.224704475844618
20.220880513996565
21.22333113529483
22.220052357917453
23.223269603253048
24.221201232629163
25.227463525795137
26.231619483447865
27.222136125452792
28.221908671267244
29.222438846922845
30.21448964519385
31.217874097425327
32.22275197239366
33.22062787034729
34.22486191213694
35.224488612818355
36.231897186144195
37.226543868837496
38.22218100106681
39.22391489251308
40.219970925918126
41.22592497592127
42.222219982798215
43.219060078938035
44.222164440917155
45.22940745091967
46.233018688154125
45.73367675075734
48.211948538306615
49.22783913595876
50.23406897544936
51.23042669343394
52.22854518745747
53.23518606177647
54.24871346613638
55.24190538087926
56.23202104719221
57.22716248821215
58.23348045877112
59.23428043149322
60.232872435521166
61.23886165881206
62.237749005342735
63.22839021810034
64.23965555424161
65.23301078851463
66.22073074022799
67.22969523454024
68.23165741592965
69.23158283785715
70.23015552906622
71.2316932679599
72.24293081853506
