76.99734403862378
77.98414022275892
80.48719646032988
81.47831953428548
2.0136034135025653
3.006521708534361
4.012917654778629
5.016101185854232
6.012247717430555
7.005952898405538
8.006056524642311
9.01168591653475
10.007832167337526
11.010320073594869
12.017259617761866
13.01918310384534
14.015070378595654
15.00544473699905
16.00170147711003
17.00500515048481
18.014891038995906
19.009915647331326
20.004890312692044
21.01330352025006
23.521434432598262
23.003431254777823
24.004376535719942
25.009181638179736
26.009856133890292
27.011885416432957
28.012999353149425
29.008677945558908
30.00668530654546
31.000173892257177
31.998936120169617
33.00658158873246
33.99525823902389
35.00636315308904
36.00186266876485
37.003219047785485
38.0075799846846
40.50213089627589
40.006374093041174
41.002170762088184
43.496522410119894
42.99222637613143
43.99445161588321
44.99683950121602
45.99638709328762
46.99883481884173
47.99607629048661
49.00373773143606
50.00079218402969
50.999431944891676
51.98227879084802
52.99319673590401
53.99851001948613
54.9891223338092
55.99103893143595
56.99939149787978
58.00629039634854
58.98943836362208
59.998615553494325
60.994703094193405
63.50273216502467
63.00153869711428
63.99022244077314
64.98950683958549
67.48520622532169
66.9882203998348
67.98290234694801
68.98507674660527
69.98068780421907
70.98614617309842
71.98767923779569
72.98382595712211
73.98613424650631
74.98801598168102
77.48748212383647
