161.54965158931802
160.5418710920899
159.4858810782459
158.48202748191636
69.61847384460405
68.63235209315306
67.65020829899773
66.64693161270814
65.61718737474506
64.63978005458515
63.61211274459302
62.642670102041386
61.6453392708195
60.61410844787218
59.63953856727758
58.638463377455835
57.6090510619653
56.630157300479325
55.63157965908859
54.61846446707005
53.62963138820227
52.629133023657246
51.626051388694215
50.633059759681935
49.60575941560884
48.634902199135226
47.60173441222921
46.61426819808832
45.61473939230089
44.605388463932876
43.604208069392016
42.63483087656197
41.6406024963226
40.63795948226229
39.63860416111313
38.640228780841575
37.62814215836273
36.62814096330067
35.63418121192296
34.64063463385149
33.63715577012035
32.614882340170084
31.61540941663654
30.62982421194794
29.60749092720913
28.631227713068093
27.603712882403432
26.59841549612753
25.60965972388642
24.609525582698556
23.606940299743634
22.600424261727103
21.619773697769617
20.642606991025236
19.63862017177439
18.63701298843761
17.625455677808016
16.615167611578322
15.608292037467326
14.63572282162063
13.597560205959477
12.612591631591147
11.63606559470057
10.636603938628316
9.638346636603245
8.60462467277996
7.595140947542052
6.629415326791771
5.597629438870313
4.626409863606058
3.627078216378432
2.6006363311039267
1.594361405140208
0.6381431568978657
179.5795805724469
178.59988063380985
177.57914816726924
176.61931394690438
175.61492656406614
