77.21208856771828
78.18706612967786
79.1829135600924
80.18911652024877
2.2250556505728336
3.2269929571425275
4.229145226186032
5.222118753858706
6.223193597027927
7.221534259604957
9.710570249496278
9.214723154994985
10.210218061146476
11.208475472273633
12.209896973627346
13.207569599132267
14.213246821728859
15.208717722039252
16.19898746586653
17.208754450986543
18.20838094273238
19.20986139954493
20.198554308647715
21.19669348739366
22.198144841603327
23.194944430619138
24.18888418012394
26.679174513486004
27.666036937742145
27.17643883762622
28.166723852621793
29.164708589980954
30.167806350534295
31.168235042775247
32.159113365387185
33.15819071635537
34.150540558515665
36.6510707837313
36.15510398717877
38.650182832394634
38.1489832681389
39.152389979355455
40.15775181309023
41.147523274656216
42.14579239247898
43.14224003921629
44.14461796968294
45.14319457745726
46.131388028366615
47.134633180209455
48.14146737369409
49.14358584948608
50.133408186378674
51.13355512224207
52.126903953910336
53.135042988757064
54.13557479779056
55.12959228227623
56.13117342034558
57.132640765421435
58.1393011807473
59.12818656033731
60.1066047610945
61.10644804727209
62.10473755590021
63.10670455834396
64.10399622674782
65.09683837181497
66.09992220339474
67.10152823336863
68.09847277386737
70.58282479166809
70.08184344987366
71.08095862023028
72.08560188065573
73.0810975658007
74.07543973208568
76.57968841745894
76.08732272083567
