49.18598130186601
38.60932295610352
37.42530241666817
45.47269422828678
10.614577421352532
9.607776725112638
8.610796969781742
7.607733277858726
6.61326797975314
5.610189823659332
4.619337109201455
3.6125624571108976
2.6163270740355
1.6228033911470017
0.619756151912466
0.37666352296500644
1.3817416268781786
2.3742132879635856
3.3669302061409327
4.359435685301912
5.349036607023803
6.351849447690631
7.342198782516629
8.356959907518064
9.362109840418697
10.365836381380392
11.358045206504682
12.35764959598806
13.35503991246295
14.353291884228177
15.352343011894138
16.344771281710614
17.34775095424925
18.345188804038234
19.34299009348497
20.34110380237654
21.34595071853464
22.337357389619726
23.340328910738272
24.337846419201014
25.338268713248194
26.33563453092962
27.335525267969093
28.331060378988585
29.32844582272493
30.332468506091804
31.330210957723438
32.32818524774698
33.32402075176074
34.31773995190965
35.32086517884122
36.32378900844031
37.297929099391794
38.30674730168052
39.31995938388338
40.31232936985001
41.31773371309577
42.32045118049402
43.31276478099658
44.31415403737981
45.31607350200772
46.316104184792074
47.31094017585941
48.30461357509828
49.30277802487819
50.30436196154419
51.30628411116141
52.299594232159436
53.30221882409481
54.30901337957529
55.300601737912274
56.312237912504585
57.30185105008431
58.300739690043024
59.30421210515878
60.31084706003047
61.30771195555802
62.31049277729322
63.309631415827354
