65.5566544054967
66.55921489200269
67.56192004964944
68.55650001343538
8.205490434052825
7.203537311928474
6.204601115138427
5.204968456020172
4.212126619841379
3.2062877210847067
2.212710292308625
1.2054097285273644
0.22285946433018905
0.7829009009095491
1.791726476970342
2.7999637869099376
3.795192883714151
4.7890333702060435
5.785502298705297
6.7866946520426055
7.7932409424873
8.787670487897305
9.78768055456143
10.79808951005713
11.795894759834644
12.796168463040926
13.798002833106848
14.788066953696985
15.788313980548413
16.78835304380052
17.78829777938465
18.779584075398226
19.791062221499732
20.790674154533015
21.779474268953066
22.784601891820845
23.774523510332017
24.781422996580645
25.787156824281016
26.780083003018454
27.779528580881
28.77989448920077
29.784788953443286
30.784898613883524
31.772615540874252
32.777767862026735
33.77363255435754
34.77781795111846
35.77825254016126
36.768413898763214
37.770393103354124
38.77847557820305
39.771870690074245
40.765167919954
41.760757088028825
42.77167233581174
43.775388588506885
44.768745225842366
45.762401335510134
46.76967345039524
47.78468059768961
48.767057730815466
49.76787427791533
50.77113485961526
51.76394250446582
52.76449978231209
53.763815493217166
54.76366042759149
55.769820463920276
56.764699888378274
57.772699945853866
58.7649023712018
59.75361929618894
60.76033507471049
61.76711665336264
62.76472776914352
63.766140876499584
64.7618695927881
65.774248079107
