66.76539749442381
67.75840681277961
68.75717261957776
69.75298632345772
7.006550282894788
5.994897924874568
5.002560864212668
4.006978826493655
3.001691579712074
1.992103998045817
1.008442901480751
0.260237759157089
0.9925163023177259
1.9926621117236363
2.9924711111814837
3.9939950298560194
4.996370385784198
5.9964317022195
6.992649577937222
7.994820987086598
9.003085943819045
9.993575298799547
10.993060516343458
11.994246257760349
12.991509326766254
13.994161253162352
14.990039897690806
15.987517326902987
16.994232455899308
17.99128190828994
18.98589313063424
19.987574152528694
20.989222130457915
21.994757855968363
22.989908569873684
23.98740948097182
24.990485372771
25.986375244767185
26.982156151812653
27.98497641923271
28.983107399392313
29.97971308254546
30.980154793160466
31.979891701194816
32.98766730141555
33.990399734391715
34.984920406288516
35.99191831736587
36.98406914712439
37.98090093752408
38.98363683502158
39.98199436025713
40.98524363917144
41.98223810596325
42.979341464452745
43.975115876401084
44.97845638957946
45.98329645089534
46.965105849608385
47.974498999877994
48.96924586920779
49.96948656468115
50.9707270866313
51.97015391084903
52.96777739611034
53.96901271786263
54.972075371971236
55.96913322085047
56.968168353159356
57.96864835728086
58.96702711366405
59.962892000417625
60.96520703241195
61.96172816887498
62.96223980900936
63.96056760669901
64.96607669309859
65.96611158110514
66.95755604106435
