88.56947232246266
89.5687084428366
88.7951044379309
91.54471892426122
13.5388416136192
14.54821113958143
15.549683741740715
16.543111637425216
17.542478907148165
18.54643509164481
19.545009173086086
20.548365275221993
21.548255885427473
22.541893417923024
23.54315538170554
24.55784247449436
25.545433093804515
26.54779326180915
27.550831994902385
26.792759645543747
29.54510101089342
30.54900382437129
31.555654951399404
32.544846558955314
33.556857520774244
34.54834212873719
35.5536293623854
36.555456049231886
37.55465063550335
38.561529812578144
39.5525947120794
40.54791938491827
41.55451495207923
42.555463379853926
43.55454877002723
44.56495486361255
45.55551978383804
46.56694115469345
47.57179429959957
48.576477251829964
47.7955261382994
50.556304574986484
51.56176320662476
52.56804381098517
53.55834722696514
52.790267698700426
55.56438217202582
56.56915113996802
57.57197747574891
58.55925105694241
59.568952016612926
60.56446830660511
61.5604285375664
62.56255272306573
63.56165402711888
64.56693002461708
65.56560751127047
66.56187676730855
67.57477907920556
68.56850934351647
69.65179546315912
70.62924122965458
71.63348296686846
72.63923654016263
73.63988348180807
74.63754026645307
75.62933010455156
76.62946023830493
77.62311786956815
78.62438594266474
79.63965221150858
80.64081686945448
81.62471051973439
82.63096091705874
83.651414205459
84.64892032414787
85.62675677221563
86.63451582885662
87.64992609855966
