64.07608003257982
65.06964863409699
66.07681183594906
67.07368174605776
9.960774136246615
8.958855283153841
7.956567626859474
6.952616029662487
5.9642135430236545
4.970992990364709
3.9619604348193356
2.957919702531961
1.9627287097610884
0.9659948050809025
0.057367345555868726
1.0455027949021671
2.0375746796715846
3.034668731462747
4.033902851436664
5.03046781224069
6.036693643528496
7.036701359886699
8.03150840391052
9.034563648019581
10.034911361981464
11.032014951718784
12.030649951858981
13.016166830027409
14.01880739313397
15.02535785326479
16.02311844425439
17.016852881557792
18.022858755493516
19.027774604606456
20.016637939787344
21.020309333950635
22.01139389686081
23.013574482214942
24.012811134248164
25.016077810149604
26.008670089114315
27.0119082027803
28.01121153020776
29.01177891987723
30.00575675029896
31.00376119451549
32.00432112659021
33.00371576680308
33.99938925458901
34.99628534912397
36.00464218186624
36.9996489864528
37.99732411066168
38.999679624344154
39.98827548017119
40.98759867097667
41.9988792133602
42.99585606707138
43.99225403526093
44.996739768197116
45.99302460828031
46.98417192959664
47.98383885212544
48.97806431137833
49.97618465745563
50.98634597016734
51.98258364220605
52.97966476469522
53.983819030125154
54.98469554491159
55.98376018055445
56.96064496417216
57.95619208975072
58.95376691030882
59.96516586393542
60.961021946282955
61.95815368483934
62.95963363171986
63.95773491874354
