77.07630753274071
79.56855721722116
79.04097753193078
80.03947833637893
3.567148442774879
3.072011622778735
4.0743896478548915
5.073799331547577
7.5715455520518455
7.06346145379077
8.057955477218359
9.010056731995645
10.00697837866325
11.003406779319313
13.503973404045356
13.01248681725761
14.008642251614608
14.996996274098896
15.99329842706249
16.995258709183457
19.50719671369887
19.00245263344281
21.49814919798059
21.008793525390093
22.01383539836272
23.000144503645092
24.005992202973648
25.001468134439783
26.001939076248195
27.00559141444253
28.004742618942533
28.99416867767878
30.002597767244943
31.00387075868476
31.989511058576575
32.99665775647637
33.98812999340028
35.00024911511491
35.98716636643793
37.00520141310091
37.99891942527803
38.99431005408553
40.00500150517428
40.99963130348349
41.99580965940348
42.98034545659539
43.99099233429896
44.99362956776574
45.989183602448925
46.98789224970312
47.995971708582694
48.996102485980714
49.9940496066348
50.98311266585476
51.98144433080418
52.98156262875621
55.486987853511586
54.988397582825904
55.98192101047179
56.99427330761351
57.997716499337194
58.982406971522686
59.98529037803051
60.9834522512186
61.98728055734645
62.983178298210575
63.986215884104915
64.97840818811876
65.9786505860423
66.97682976526181
67.97732061028879
68.97291306578904
69.96977628315838
70.97789050351034
73.47040858948898
72.97423634824086
73.9747692489738
74.97633781579832
77.46979634549133
