50.47349219568084
49.6507205530571
50.74878096833603
50.80206876378941
7.526983392173846
8.527897588326459
11.021092382955493
12.020638229398449
13.018334672254845
12.51662548082113
15.011206436159956
16.01466629696819
15.530093318167035
18.010999659936495
17.525639272861046
18.526014391890914
19.517897797955698
20.514526414721438
21.511139071724784
24.00691501451396
23.52123645381717
24.517240750389558
25.518966881592483
28.012270485335847
27.52309445968114
28.516998482093523
29.517396122290755
30.514476308431178
31.517030428990218
32.51905877551102
33.52232675231797
36.00582421320387
35.51776739244695
36.52488568570086
37.513831321002236
38.51847249512812
39.51692605872948
42.008097063450585
43.011164312620096
42.52125352615128
43.514460926230136
44.51271653924597
45.5198816199592
46.51127328910863
47.511248334963035
48.51027184405718
51.002384565327475
52.00633871393526
53.00286155342406
52.50746936701329
55.00639812629766
54.51720028135694
57.00176127626004
56.51508444133774
57.509004864569384
60.00860232139949
61.00485712256898
60.51092658445672
61.5146902011898
62.51744427238441
63.520230558047544
64.5197017167028
67.0164951334676
66.5156868173636
67.5225738685385
68.52218046909604
69.52181916480997
72.01502712678142
73.01396772921132
72.52400440947827
73.52728153521568
74.52551111636366
75.52200843754163
78.00765063891959
77.52676446238188
78.52647112975198
79.5236026933146
80.5315743557603
81.53255434397317
