104.15084877988419
76.87642266848331
77.87222475975167
78.89822199275747
0.02687283795790473
2.762052501434194
2.284455388074348
4.768754581730666
4.276794834370159
5.2741663184169445
6.254915701804555
7.271764692399549
8.278866145960858
9.2666738964488
10.278415639117217
12.77024598333541
12.280689795451122
13.271920697441205
15.751807180400148
16.757426467137382
16.260039442029147
17.25101643222362
18.24716526908926
26.08058565584564
23.48499063375208
22.210511942682825
23.697837235489757
23.257921865352834
24.27025047351868
26.802198187720304
27.799238405657096
27.311601122849137
28.31869176050771
29.315940127119582
31.795870948015732
31.32053568171503
32.31143622015982
33.322188017507315
35.80059688886284
35.325809650465246
37.82246435203417
37.33160664341231
39.80810817758167
39.32061663517746
40.31905051087226
41.311818559030016
42.31399232448171
43.32064755187413
44.32210550741351
46.809511265037436
47.807047847923826
47.33123457243048
48.327262453363524
49.311015683357226
51.78595147036396
51.311714460962534
52.32093725480248
53.31314997638553
54.316186922408605
56.811876491881236
57.81800977220466
57.30807902867774
59.79486419820988
60.80743246877562
60.334156077833754
62.8176480394139
62.32412769235139
64.80781411817574
64.32888511141225
113.18034312084677
67.81097599366996
67.32680225116844
111.6826978640248
69.33021529017833
70.32778243390662
72.82437896409148
73.82480112082648
74.81765899017051
75.81186351400709
