88.5215452668628
89.5164761520462
90.51350304526581
91.51383589937637
13.461803559288992
14.466720097489336
15.463552464703096
16.47340391949689
17.466578395708876
18.477043119639305
19.46891478759162
20.475021244147335
21.47498076720824
22.471219491113686
23.47158232234372
24.467941253331677
25.47708386237515
26.471256387937018
27.477723023452175
28.47328700546858
29.474762488183096
30.47859953379386
31.473057945290012
32.48344741702127
33.47581158092585
34.484508232078596
35.47931239708346
36.48730542293087
37.482427888082846
38.4920673301246
39.48902056433636
40.487107373117574
41.48997562604654
42.48606015600475
43.49095408219937
44.482664541995035
45.49348206819142
46.48589282335742
47.484894949994484
48.49336300084831
49.49299101326527
50.4890675218236
51.4851255790666
52.493860087887654
53.487435984690386
54.49799841959696
55.49002530560807
56.49735269026834
57.502002092801476
58.49956155128859
59.496790971737816
60.49300016930694
61.502561794024324
62.48565789026451
63.503955783287275
64.50038320875221
65.50513458154934
66.50623246108191
67.50240002931282
68.50068287247386
69.49946157307937
70.50650976926633
71.49777715034762
72.51141075876944
73.5016109243465
74.50956812368698
75.50418420084122
76.51028120350428
77.50493728393305
78.50080380465815
79.511439299977
80.5021189630895
81.52389270623402
82.51444713510132
83.51508195670412
84.50408366369838
85.51511238197646
86.51881645726993
87.5121277040862
