57.645993975669356
58.661641337593274
59.64465458121623
60.66477618529728
30.419529406166475
29.430464730393002
28.412408902308638
27.415006402701884
26.446137752795153
25.430303581749367
24.413656004001545
23.434669803707653
22.44201726322688
21.42421593739374
20.416512635103285
19.41762665986219
18.443958473807957
17.41171064685469
16.441133025324174
15.43548438342626
14.428739613313205
13.425987404139727
12.424905980061704
11.434415942544547
10.42278021105543
9.433190851288588
8.434802629792506
7.428367125373444
6.406076835235237
5.414667395724817
4.4058444365431875
3.43379887644828
2.419312618576975
1.409250573293231
0.4111144657366267
179.43975186354908
178.4176528411708
177.44641089444943
176.4216478332736
175.41907660248484
174.45253155149814
173.4570156668134
172.43783326088337
171.42459923786942
170.42255796745425
169.42779212797058
168.39509006465022
165.87916139020635
166.44931025425797
165.38882073847662
164.39841579090373
163.46159006362154
162.43218575686961
161.43595893340841
160.4188626837973
20.604205133238107
21.567664179277187
22.606330245755576
23.58691754516692
24.583033013213882
25.580390295895754
26.583638158903415
27.5996413024539
28.581280173238344
29.57684083782755
30.57879374224945
31.59012016747315
32.58628328461593
33.59244866937202
34.5897820837979
35.598324125863954
36.59753404242768
37.584526545484785
38.61018508293959
39.59045070897292
40.59689872570521
41.58732064841315
42.591005287712136
43.58689884925424
