88.55230399446663
89.54650284289708
90.54582988805186
91.54702217598691
13.507097457589207
14.512805592922396
15.52238970131109
16.53482591083543
17.52886332079217
18.524681586258026
19.510557881716732
20.528590683851448
21.543202549521162
22.514172015855667
23.525428356306858
24.52406680071043
25.519709302130472
26.533003570076755
27.54283041268629
28.539083041697552
29.5484804027331
30.52210668363393
31.548543070568766
32.54403488547783
33.53807299621122
34.5446186599956
35.53122462496434
36.55855028318208
37.544667040021196
38.55608264833284
39.52672575842058
40.52648580485433
41.53782732080028
42.5320842645994
43.548395708861605
44.540113788239296
45.53350981397553
46.54073126350435
47.533440606785376
48.55513346639365
49.53049501821359
50.53179953144904
51.54113114440844
52.55187982465654
53.541894241442044
54.53987044956094
55.53014126664377
56.557879547953725
57.561111563312885
58.53270457269378
59.53752475670106
60.54504056570219
61.541020289116545
62.55112217016556
63.55114200792695
64.55961093010767
65.56376881011641
66.54358762162677
67.56610190438369
68.55950566138563
69.55938544020806
70.55314229891512
71.54418185819051
72.57299411169359
73.56808217335843
74.57425654826214
75.54173897961697
76.54641144391341
77.5637048439004
78.55235447172126
79.56687171799632
80.55060379424108
81.55477777670072
82.55633259674794
83.55007399930578
84.57203263916023
83.77780773567832
86.54451365948904
87.56239857336689
