73.23605283443574
74.2388083339996
75.2381089260309
76.22741547307625
0.8722475786399725
0.08910235945917372
135.3667209452055
2.1321188061585583
3.124153153918104
4.1324160268309775
5.133346246966333
6.131289247028546
7.133288885795338
8.128863297048213
9.13332304172927
10.123537877974638
11.129237890709572
12.129388417141747
13.133826883549295
14.125267504177673
15.128073844994915
16.130467738404555
17.14065737661801
18.138697054252972
19.130882142439628
20.12810171746763
21.128988438663562
22.137135328404927
23.13684556759008
24.12786247586201
25.1339772725492
26.136998576183252
27.129685427132607
28.126181747524363
29.13486149589466
30.13047694760017
31.13238992684571
37.454196346379
38.457032963242014
39.447032776775906
40.453154783292526
41.44417540935048
42.45532149392217
43.461067082183575
44.44695041182574
45.45777223986345
46.44794178582645
47.451620455111104
48.456218627928344
49.46327405714609
50.457700910265544
51.44940915881212
52.4595587202137
53.46513352704301
54.47328936420269
55.466480246096886
56.46805059044971
57.46688457196104
58.47200226466223
59.46996313335981
60.45829484035956
61.46443915471273
62.4588618809661
63.460196345685944
64.46097527332445
65.46898541501072
66.46893692355293
67.464250851211
68.4626827388441
69.45798494683577
70.47360925013268
71.45903419445521
72.47991087750508
73.48011500435578
74.47777614881004
75.47467872717654
76.48509923079096
77.4816331812521
78.47176861232687
