82.45576034728617
83.46173638159212
84.47114692803828
85.44713634600647
7.44748193700245
8.467353535962083
9.457349961343121
10.473660973913937
13.004412220606453
12.500064828032116
14.981226413450745
14.514000745524072
15.51004643364315
15.999395109032172
16.677638477788644
17.67254308020821
18.625033842878544
18.73329789341414
19.657624737538615
20.98200410488426
22.09619482006698
23.075894900760893
155.99050419973406
154.98101560277013
25.596342945341206
26.41050376582944
152.73433514218337
28.168680791806917
29.03227273702668
29.940187191852754
30.858846206305408
31.379101160839983
32.073549614599095
33.07684450123131
34.0660886734499
35.06375825035849
36.03994695300757
37.0555595382926
37.99713198738345
39.01768258659145
39.904628608222644
40.915187639407215
41.8804816455867
42.89228269038684
43.73923913588518
44.77839263410073
45.65061207784568
46.65722548432689
47.046415010318114
47.82295163789726
48.69771833055549
130.26202693171012
50.783291162325064
51.79582057410717
127.15211324884018
53.87265059576617
54.92220156871335
55.928427380943994
56.923957691921935
57.93862781054646
58.315096559976936
59.30499090635136
60.315333108417086
118.68173830922663
62.326870512229966
63.34439992554433
64.34525484598224
65.33867319863633
66.34959543245515
67.33567621106704
68.30601542087356
69.25702850862837
70.23840748593707
71.24101881177002
72.2481987261425
73.24191377812181
74.23677419451826
75.21537274931995
76.20770018545468
