88.50970469709856
89.50843782089954
90.50361105887988
91.50774494822272
13.460717666924575
14.46582234269381
15.473326167746716
16.465930831304814
17.464960132977
18.46605253759587
19.470399013715614
20.470120493874347
21.473710885126113
22.474438421060846
23.474269963066437
24.479963732071827
25.472154327777044
26.469262830778707
27.46448219021021
28.47019499393553
29.472610513541806
30.472624657228884
31.47273590807127
32.47465034903691
33.47929049441372
34.479125424278436
35.473423762849016
36.47093294932425
37.473692357179125
38.4803947313761
39.48006415547876
40.47498361143006
41.484530652921976
42.48417241105272
43.47835504239241
44.47577490808991
45.474718026823574
46.4758109543731
47.48320920155987
48.48434186903847
49.48538451915818
50.48667322530119
51.49474158549733
52.487489482248385
53.483966624963294
54.48337078063909
55.48248252529898
56.49098491456315
57.4872406703802
58.48903233630615
59.49563296835661
60.49511253334381
61.49112610650234
62.494632547845775
63.486763951649635
64.49706152968518
65.50200822383628
66.50223203327229
67.50016059530104
68.50574699495591
69.50677580901603
70.50188071813028
71.4981318224234
72.50002157365849
73.50678582316425
74.50648446109658
75.50704836480595
76.49895904178975
77.50541322046007
78.50982218189867
79.50175361118815
80.50434465659598
81.49999420299773
82.50700174961737
83.5113181003891
84.5084142795992
85.50772423682034
86.51115478118206
87.51823393008296
