88.54483873556566
89.52442312506207
90.52425312431612
91.53082160888277
13.509527723365888
14.514727619772817
15.518397519683093
16.51732371918381
17.510844799601514
18.512821169299382
19.512548821962127
20.511273123017613
21.517069603681463
22.512404721933756
23.514670994584492
24.52483403746592
25.521372196550338
26.514921821333044
27.520958991210858
28.527985615097993
29.518056957033185
30.51855840608438
31.51788680110829
32.518229044785166
33.529370367064836
34.51785040541527
35.533417313622984
36.534748948938706
37.53079545992145
38.53387832368863
39.52556923731244
40.515037880125035
41.52762434415112
42.52527139603154
43.53200719657086
44.53419091723501
45.51396406159183
46.51383280341288
47.52056954770192
48.511558240466385
49.5119229056577
50.50849975347896
51.518110030575585
52.51391955332573
53.51056419837043
54.50833424289172
55.51135713104344
56.51802091494911
57.52174682546433
58.513049441504876
59.52898561966362
60.515613456017356
61.51884021170668
62.51476147298092
63.51238669339075
64.51712502092997
65.51738724424061
66.5092434802641
67.51251511780984
68.51805539494528
69.5270119609595
70.50479506594893
71.51606802477254
72.51904615738617
73.52489769448732
74.52195759057308
75.51703506359738
76.52070642890573
77.52405478261053
78.5300374729536
79.54254149639793
80.53995812209098
81.52305009120076
82.53669516079776
83.55149168675757
84.54738787416849
85.53144196641318
86.54424141166496
87.5452233881134
