64.07703749845922
65.07174937603293
66.07852506823723
67.07443257667465
9.96041792082863
8.957675575902488
7.955615379641967
6.952198186340579
5.963789054287982
4.970780978877425
3.9622872606892043
2.958238902083347
1.9620508362250915
0.9651513825422365
0.07000621038073897
1.0463722109990288
2.039124389788975
3.0350463907297085
4.035637768877931
5.032496941636166
6.0386916643077555
7.0372759217816245
8.033437063610034
9.035237646333622
10.036084837947318
11.033542398311656
12.032044329017964
13.018733766018187
14.020799017330562
15.026996212846734
16.025821834567036
17.019001550006692
18.02505280366573
19.029860351505768
20.01827209474363
21.020970080341904
22.01417046140479
23.015415729106586
24.016004725696344
25.018153233918138
26.010424286863763
27.012971376685332
28.013018831354742
29.013177217135354
30.007683577978266
31.005716241143407
32.00546332489463
33.00456973963505
34.00125057604143
34.99829977380769
36.005854457068715
37.00250078939257
37.99963484361148
39.001770438573566
39.99014857810641
40.99027506076505
42.000926295592215
42.996479426025914
43.99424863700932
44.9990551624626
45.99491488489516
46.98759615245703
47.98732888695826
48.979917070388765
49.978859663403455
50.989882114947626
51.98415809750676
52.98271955083141
53.98514186556084
54.987666459828375
55.9873992101621
56.96256739898548
57.95877519456168
58.95687101657776
59.96750874151783
60.96392948007402
61.96044455207053
62.96190810551466
63.96068454251109
