88.51098231780479
89.50818878113037
90.5080590376682
91.51315254817675
13.468187026517997
14.471172084070847
15.477169350096382
16.464825043589798
17.465568312976277
18.466413726291673
19.46207145872385
20.469440285072757
21.47173958481844
22.47197287881185
23.475058084602107
24.479629716513376
25.47374772534734
26.46838449208283
27.468970763574664
28.471195870227827
29.473614637749396
30.467347512065952
31.475017308381613
32.48458420240931
33.48987344369308
34.47944266536103
35.47995737448681
36.481754587817754
37.48713310896485
38.48521677182546
39.47734167070672
40.468566225523354
41.481193443762834
42.47792456291443
43.486379472672176
44.4849666562885
45.46439641523284
46.47444826341204
47.4892005026517
48.48759600809801
49.491818156314984
50.490439073086065
51.49993369144029
52.48926168626024
53.48241194825212
54.488574914224785
55.4863004833585
56.495109260588215
57.49758982703253
58.4924722901851
59.49793779185618
60.49287126780061
61.49719659677259
62.49514782517901
63.48886836517653
64.49629579978088
65.48709937021174
66.49406635552839
67.50081874942528
68.5059619615701
69.51566489831261
70.49954256594336
71.50258921121544
72.50038014751836
73.50727844107415
74.51061151994048
75.50011264954432
76.49890988825372
77.50108363163882
78.505343555932
79.51291239572197
80.51054403130651
81.49457744619657
82.50313065130264
83.51140377234745
84.51134983594469
85.51720385282215
86.51683674054458
87.51819112521753
