76.97749377496355
77.96681815937154
78.96574605544677
81.4592673738228
2.01949932516512
4.516856050167376
4.0101660689956455
5.024312084246044
6.0125905235972885
7.026923190198179
8.012082707349572
9.017827873758987
10.010965863231283
11.008999395650102
12.022704354620322
14.507144100443112
14.015195619887697
15.009473765218935
16.01416077456045
17.017335675752193
18.017989338539838
19.020976605706327
20.018790490957983
21.01432417796834
22.01778598186831
23.024542609000104
24.022214482927495
26.528335125358552
26.014935974646953
27.018022287384962
28.01111652645031
29.01287449452258
30.019891728730798
31.005183409246744
33.51357240670063
33.007019265572765
34.013885823855695
144.9927832756737
36.011066305992905
37.01337412234388
38.00664747310448
39.00452418459769
41.50621900874961
41.01135002755163
42.01283958994269
136.98591923914162
44.00472566833575
45.00484731097593
46.00586953555866
46.9998593364063
48.00933576320769
48.98687521695084
50.00120569311133
50.993405307036156
52.00292999533038
53.00590357554749
54.00434851768079
125.00661163984446
56.0045669889138
56.99711298213967
58.00343777697916
59.008525839662774
61.49951641013558
61.00687260109156
61.98965855423399
62.992947433172425
63.995678905529616
64.98991168234589
65.99693426066557
66.98337211422728
67.996238812195
68.98551253571505
110.01693482859224
70.99122029268281
71.98834844511344
72.98981539899421
73.98609724732201
74.97653900793127
75.98025884435916
