88.53975321015184
89.53116475977762
90.52684885133439
91.52885343466252
13.511232068758492
14.513232007757773
15.519063608675433
16.516801732159543
17.512097523750057
18.513379598122132
19.513136326132553
20.512647334833282
21.516917349368068
22.512397620049573
23.514855911171267
24.52578570148762
25.521105305602052
26.516244883786733
27.520008406392876
28.528247118347437
29.518378594253342
30.517833458704178
31.517433222778944
32.519831762862644
33.53005659635232
34.51757844943185
35.533136769149976
36.53590813527811
37.531974790499426
38.53324580416434
39.52600893429461
40.515094738851225
41.52803397064061
42.526189065127284
43.53263263709294
44.5347893397918
45.51315701112386
46.5137470387946
47.52110813918179
48.50971002041027
49.51056404017688
50.50856938372537
51.519044758708574
52.514969697938405
53.51046884079423
54.50877278126574
55.512887845066665
56.51794665632176
57.52075156283355
58.51119508164491
59.52931987434626
60.518186424024826
61.51797048899751
62.5159452860718
63.51266962278091
64.51730609374383
65.51729518233758
66.51016379611042
67.51165740002095
68.51609376797073
69.52931812574326
70.5069702214487
71.51539084017605
72.5209820784
73.5259914202259
74.52142761942639
75.51579113659578
76.519792382516
77.5239282822459
78.53445971904547
79.53838066757746
80.53883804910411
81.52552843959447
82.53452666009663
83.55226645913476
84.54459600891806
85.53719685562434
86.54206198294507
87.55080372044961
