71.53199631159745
72.5359542626379
73.54193566004182
74.53468677854198
2.22621888963827
1.2257558385037925
0.23006129028586658
0.7665207004522938
1.776248113300598
2.780226800729311
3.7698881708222265
4.777537068074443
5.774348043837574
6.781873243663604
7.767145750161237
8.77352887680213
9.775768581786119
10.775567584136073
11.775268481996678
12.76736351105248
13.785181056797748
14.775570360535687
15.775754336636256
16.77811415035208
17.775053899821433
18.77168837019934
19.767735587826444
20.768623905494852
21.768799484458583
22.770383610627487
23.765798775518252
24.764158008755143
25.767351828484927
26.769753174149375
27.75748248162642
28.771593012366417
29.765362965186007
30.765744447069704
31.76381183396023
32.764365218556804
33.770211394573884
34.76558857109196
35.762854715723016
36.76078948170967
37.7702502013395
38.7589880397264
39.765140317823835
40.767872849796355
41.757629471238005
42.75574982863618
43.754529509108664
44.75301683838837
45.759392342762595
46.75406437049652
47.75730413159773
48.74958446091933
49.75417456964082
50.754462992879226
51.74053213585609
52.7555061334412
53.74677170145094
54.7502598126751
55.745595778143866
56.749654983989025
57.75498763972794
58.74903702371385
59.7483911029329
60.73882383042053
61.75448589070464
62.74249924028197
63.751241992637986
64.75238311118768
65.74501288069919
66.74337796813664
67.73465362994602
68.74136991497687
69.74386812547736
70.74217095030173
71.74097058970663
