70.74912496822832
71.7426889493486
72.74417426431337
73.75004564939334
17.37642515760637
16.366689815612872
15.379721160420267
14.352585838071349
13.346475503894785
12.369542332436234
11.374389135790754
10.359151054867185
9.363970160644822
8.372289493523384
7.349666477582373
6.371274817842888
5.372910537867996
4.373390643349151
3.3541658610143514
2.3496384689497933
1.367081165228431
0.34253834548957146
97.83297242350916
174.93889269419836
176.64607837774275
175.8450475824668
174.8001421007706
174.03098466571154
173.06884101001484
172.24899625818193
171.33521241680455
170.339542547824
169.3698453412793
168.38760143526372
12.649574600098006
13.623633389362594
14.625867175231079
15.641788448487233
16.656032390037325
17.637854684751627
18.63975457599482
19.638055915797235
20.63030833197429
21.628033451440672
22.634436837435203
23.657021432746888
24.638847845572982
25.643672255846617
26.660766966780667
27.654842358161964
30.169412200619387
29.662574400486317
30.642440075246135
31.635583138698323
32.63897404519341
33.64685807305894
34.647185947279574
35.6401014474303
36.641601216576575
37.63380580664659
38.63736606138204
39.64287556070551
40.63179787652238
41.630995337766834
42.63468191408882
43.635684214746135
44.64043512779906
45.651661346776514
46.64354084433624
47.63187358033547
48.63758150422501
49.62642619354038
50.646038237868304
51.64134785158817
52.63547932432742
53.655917150744706
54.65230539378297
55.6337544039532
56.6662145499164
