80.38110348067426
81.39074984901403
82.37715792682366
83.37991239372207
6.247227116253752
7.246952711489475
8.245187300939246
9.242781733743884
10.238396717676483
11.244950538402323
12.239099480096614
13.244101531610674
14.245561032436319
15.24671092727092
16.24213495594694
17.24583066225985
18.24923436287917
19.250361653711664
20.252635918325133
21.243065386547443
22.247646491754555
23.249449030572503
24.251221684202978
25.256085115044062
26.2492757819078
27.252873201044473
28.253646956838956
29.2502699185048
30.25455808862566
31.25478770123848
32.25599657231212
33.25532061242098
34.262460507278234
35.253385708371454
36.254335150923175
37.264458162041926
38.25966603206905
39.257102172140776
40.25909943446954
41.24345321490274
42.240345852040285
43.24386758922386
44.24558159514564
45.245874956595515
46.2456831485987
47.24791764608129
48.247108793081715
49.215630388320605
50.185661434348205
51.16297731255068
52.27773005297871
53.2757688564764
54.27257329960183
55.27436662828046
56.23401847461736
57.27352434515792
57.337893857924634
59.15515432872499
58.09223201867784
56.85093226656136
57.31211863677159
58.14921184832458
58.99854744470966
61.46828759898613
62.90388143809211
65.8288343564308
68.27286577765888
69.26754721027646
70.28598895590503
71.29419719362043
72.28459345723397
73.18838710277346
74.23606032182607
69.83328816302138
70.98853245076556
71.91862040914863
72.78927953731564
73.8150426913
74.8197380224107
