88.64653035098715
89.63978790108341
90.63787435766703
91.64531537314092
13.610896888908808
14.614021429225577
15.627074735192307
16.617239150664663
17.613807034722132
18.613791317943186
19.610557149779336
20.622451306706175
21.61859936497828
22.610752007037558
23.618818943245646
24.618825099200894
25.615390598419246
26.615596229107844
27.617591466977135
28.62304340598835
29.613674181722125
30.619613073255383
31.61472034733445
32.61395263639054
33.620512251233684
34.61412609804904
35.61988915871296
36.62886252704308
37.62237547836272
38.629464881282544
39.61952713263831
40.617723880842405
41.62594229310635
42.62169447321223
43.622247557988025
44.6292559960779
45.614978528749894
46.62583539435816
47.63944942586882
48.643959036355575
49.62051771613119
50.63223237834818
51.63766750286992
52.6360339481398
53.62762892334322
54.630787018915214
55.634458190739274
56.64171929751761
57.63978699648907
58.63328897654077
59.63928118397143
60.642475933813536
61.635511809971526
62.63303066031864
63.63146258499328
64.64475845172613
65.63371757851579
66.6399185958903
67.64531733516579
68.64020454108649
69.6496655549412
70.6413592922445
71.6461033963262
72.65633545955133
73.65313660153187
74.64911961271639
75.64176376990766
76.6409861822998
77.64657630533513
78.64261215279625
79.64743047136506
80.65640675920554
81.63892735617681
82.64610725517889
83.66578729139364
84.6593640861177
85.64601561448104
86.6566989651206
87.65756605656672
