62.61288841568639
63.61994432023604
64.61925192121295
65.61917785113681
25.47566760568727
24.473100801070824
23.47699920809817
22.47497026530072
21.473617876897524
20.47257902604817
19.477839483029218
18.476011248966064
17.47777034061325
16.473351409648306
15.471139526185688
14.474404772046098
13.475912752383985
12.472903339785468
11.4741930914633
10.479057723082287
9.4770577955384
8.472649695562279
7.466744164543429
6.476046986752045
5.472255905007306
4.4703063494929385
3.4727381893532123
2.4735518233933207
173.07712978043728
160.8812987664709
0.5417249287541541
1.5370411760550533
2.5371966453743915
3.5390029550329953
174.53006422359385
5.546721009632245
6.545148024369063
7.536663513403157
8.534056655261082
9.543449664415778
10.54753279691431
11.543999577252574
12.54400015839293
13.544772016016656
14.54223261999849
156.74576514740616
16.54944972629536
17.542726119035454
18.54531324373683
19.54723351369099
151.73350700716188
21.543799857063636
22.550513285323746
23.54639294218644
24.55163882986155
25.556749324433696
26.55720026339757
27.549617521800588
28.553337062592348
29.557002272548978
30.553888700957778
31.55077822940285
32.55727497297912
33.552160821645764
34.55639251154362
35.55506658281955
36.55703359982292
37.55392703315745
38.55315701456705
39.557400956808266
40.558462704797535
41.553573151283835
42.55931689441455
43.55772555779548
44.566540040631395
45.55954052823801
46.563900630624644
47.562239203010066
48.55880157975342
