88.64976994751247
89.63314170618095
90.64271071253502
91.64302234666005
13.611565331622634
14.613649749242404
15.625262066422858
16.616916096815313
17.61415385026288
18.614411869935875
19.61032191665164
20.62234160156905
21.61912912023914
22.610232517491244
23.617620798743122
24.619093845425795
25.61481166676355
26.615832895752668
27.61687044447004
28.62384962975587
29.613769902195017
30.61898053288023
31.61465253176455
32.61383771877068
33.62086830842348
34.614150680110505
35.61983962071098
36.62793665090036
37.62197432622087
38.62964243294799
39.61876215470406
40.61618786744289
41.62479275343826
42.621198844200585
43.62195596876049
44.628156334278216
45.61416399517242
46.6261994949709
47.64121282751972
48.64417565500049
49.6211027786462
50.63275040870281
51.637756047867555
52.63621479879826
53.627621157088825
54.629861025449564
55.634437323200814
56.64135267625036
57.64038788304633
58.63380805641936
59.63923431101735
60.64301078550746
61.634593150655625
62.63314280978572
63.63281924248064
64.64498443270568
65.63330379997426
66.64000809648965
67.64429802877481
68.6390615911614
69.64909379290238
70.64046949260218
71.64799349941835
72.65527391363688
73.65361640036765
74.64564703591302
75.64259822168849
76.64323168724805
77.64826783304677
78.64389922808215
79.64398527875665
80.66068203518039
81.6376257507766
82.64720420525236
83.66218515889243
84.6626335183771
85.64514180538804
86.66135256483949
87.65400565353468
