37.853853704972174
58.822380467708776
61.85335310531541
69.43505623542626
13.467604507439999
14.480126239949614
15.47796627508346
16.473402579998282
17.474781071397803
18.469253366782304
19.473668241381723
20.477301780308196
21.478651212356606
22.47470372630559
23.477280027093236
24.4844352792519
25.473953403901863
26.48055738935285
27.46753850488426
28.474444066447056
29.48169001293138
30.48005787609704
31.476251799578623
32.48109051297646
33.4815594304384
34.475182692168055
35.482202790531076
36.474369930965956
37.476538087940796
38.48132403920193
39.478900816303245
40.47609464873146
41.48283289488661
42.48475931669537
43.48361039157279
44.48500671227201
45.47403021976591
46.4786213566423
47.48315065373616
48.482898924500574
49.48395441075951
50.48589901227309
51.49245741274094
52.48603872095555
53.48414954749542
54.47819961636861
55.483456327679065
56.488074896731575
57.485707530370476
58.48925970072781
59.496203165701196
60.495773322592584
61.4941335126003
62.491591734799385
63.48710519819158
64.48764739796567
65.49791896160528
66.49341035227039
67.496635989953
68.49765093277519
69.50314943337544
70.49580363750971
71.49545637182338
72.49290327472133
73.49857948673174
74.50102829365598
75.5030160907282
76.49776852777401
77.5078339026067
78.50736491950575
79.49844842947216
80.50562449539142
81.49694440752603
82.49996060868213
83.50355357892472
84.50723169728917
85.50569450759451
86.51397886005041
87.51333837749404
