48.757292773738975
44.55953569279757
48.20671623114709
46.54598502482684
4.204129173459
3.247074545794267
2.2689340614062865
1.274927116983143
0.2805101311326778
2.757108587966418
178.13560856189898
177.20908595051944
176.1159898393243
175.18097099554893
174.198317239892
173.254841994193
172.1862392514801
8.754073645893042
9.764829871770289
10.751829063842395
11.759379283459138
12.757448882635773
13.702927839353459
14.757972857930499
15.75578797254419
16.758828938783108
17.755566778482716
18.75423037796293
19.76221715850523
20.7554699512459
21.74704649669372
22.753017386463767
23.756106033109784
24.75483442359482
25.759325437842328
26.738059649067434
27.758681021842442
28.75060442227224
29.74294570743996
30.739640876172427
31.7643087804925
32.7389546184984
33.766828633842465
34.76070380901981
35.73969383304404
36.73781879806574
37.74104022322252
38.757924295716684
39.77217285772959
40.74580782664089
41.74526973333026
42.74597843800274
43.75425167015643
44.746471007539924
45.75513205906767
46.729132866903655
47.73409257466965
48.75396497083435
49.7432766322149
50.73204379977556
51.729373216108286
52.73408007391913
53.759401403679526
54.749292104959274
55.73914991318305
56.75166221775919
57.76050447988736
58.75398873995858
59.732611192607386
60.72858099882916
61.743929749432866
62.739974090555215
63.74041191755962
64.72868456176319
65.74676608035047
66.75637239386172
67.73093473854699
68.7579776062857
69.74550197557285
