67.958815397208
68.95741579331745
69.96338415607687
70.9466151562355
5.805781470341458
4.809174673018229
3.8090891690387396
2.813370335301366
1.802494728050169
0.8110029752312239
0.04171319279307121
1.1875928029068163
2.185913795476904
3.1858252835457224
4.189079427303938
5.188063203502767
6.178496435382575
7.185302255843376
8.185152251187553
9.188632985817234
10.185260929738625
11.187927553422606
12.180768579544042
13.179837826606015
14.179999870481321
15.18273532908734
16.181649660683032
17.182102551792692
18.17306464310939
19.17544687589213
20.179057988186283
21.184126614355474
22.17676656739589
23.182412898413446
24.185804152713086
25.180381694512608
26.176895516380068
27.172809715256857
28.181844440784285
29.17364219340449
30.169440108482988
31.175781752371595
32.16882056354004
33.17033702392167
34.16985028915302
35.16847756545625
36.16671502447625
37.16670231381426
38.16473472976864
39.16089085211126
40.16743192474732
41.16079764498156
42.16349245875442
43.16740067103703
44.16471736959427
45.1651376532714
46.164647178695624
47.1680812548897
48.16035030401542
49.16282523880574
50.158573367366806
51.1629996889847
52.15963995478691
53.1595070026995
54.15623214320486
55.159655669139475
56.153100619529276
57.15321638458721
58.15766993978787
59.15417676532966
60.148939499572336
61.15569243252783
62.15580650914128
63.15491090225633
64.15685975530747
65.15598225129712
66.14964244526671
67.15521206254837
68.15934025991011
