51.32810517636105
41.03443963114057
39.14985910059054
47.28080968763259
10.61643383943732
9.60996592292774
8.612483241485872
7.610775802437828
6.614356110811004
5.6109970055598595
4.621665635049119
3.613448529825616
2.617883020578564
1.6240713330242245
0.621937787166417
0.3820251225040031
1.3820864113449085
2.378799944020777
3.3666355158561845
4.359474408284162
5.353575967738592
6.357185352259089
7.3419969296939325
8.36072190833141
9.361640654969225
10.364183478116333
11.357945547082037
12.357495532031214
13.353389267450586
14.359181441361489
15.351773627950664
16.349048048689177
17.35218247277292
18.349200557286174
19.340401218770143
20.338779406684072
21.34375244524212
22.34065563711031
23.34361595263468
24.335114781223975
25.33475283021687
26.333686414727012
27.332943449427347
28.329413390247662
29.325625116532684
30.328493368686836
31.32833260690248
32.32657768720575
33.32101761551145
34.31551276703787
35.318352371142204
36.32003186776977
37.29605466127474
38.30404129728303
39.31858398004143
40.3097896125426
41.31341078396833
42.31823050456412
43.31097057382401
44.312175963884215
45.313109278483765
46.313077332333386
47.30772209162265
48.30272651403025
49.301101776676674
50.30404862858169
51.303892471019005
52.29813766519335
53.30074402980701
54.30786706888654
55.29810413200482
56.310781707063
57.30089766901007
58.29822262566595
59.30231029879924
60.30932808644159
61.30391576985396
62.310113520851495
63.30676472796295
