56.172521867398785
60.956936048091016
59.86720974482125
52.98125813214266
11.637047152301784
16.198903907282215
15.413520438685348
16.41137559270977
19.19486281498043
18.415744887110915
19.408204703754055
20.419370549720803
21.42484655813379
22.420730962337093
23.425429336029364
24.43813088009196
25.437867459584663
26.434567514074796
27.43309906448963
28.44190458440728
29.435975367425808
30.432362213859548
31.444282325251958
32.43614322144124
33.45525074093296
34.44759163363916
35.45453652312492
36.459753255243925
37.45022585077233
38.4560259513122
39.44461555719819
40.446334866192934
41.4547615836777
42.44753355654438
43.45476404125699
44.4602116777743
45.445160153257525
46.44981528258778
47.45579012272709
48.465693770030235
49.447150816190465
50.459445478461625
51.46919982226877
52.47060059194309
53.455174821928914
54.457675326121375
55.49810947999629
56.50132720315823
55.73726746777529
58.50032522577479
59.51178542408724
58.72979362235845
61.507116762155746
62.50664083938053
63.49937980714582
64.50371258972719
65.50905353248159
64.72729959779711
67.5091010351736
68.5067627423581
69.52509101466738
70.50618000822841
71.50923098012578
70.75160696016283
71.74877052505877
72.74413470831058
73.73654710967507
76.51138614878298
75.74210915100284
76.74369170815322
77.74667140624884
80.52083994804968
81.5004050401651
82.5112793955114
83.53552719900365
84.51807975517006
85.52214761541771
86.5277657197759
87.51981570619887
