47.818327680831416
47.65159771333526
50.114215812505215
48.31659505560823
7.526836084765343
8.52707285535924
11.02172269416771
12.020623013004208
13.018337965708465
12.517079168832907
15.010773264227403
16.015442869171782
15.529656985649218
18.011941907730943
17.526414211284255
18.525758760149184
19.517714970455426
20.514689415411247
21.511936574750983
24.006780808978387
23.519829828387223
24.516200295885845
25.519540714822625
28.012015219031657
27.521748410569735
28.517747420664918
29.518664158722313
30.51427467871228
31.516473306256383
32.51947037759262
33.52113260107049
36.00622503668528
35.51885209906995
36.524542450486514
37.5150702812448
38.51886617900877
39.515467951865624
42.007634754613676
43.01165385502553
42.520503105821234
43.51479681530185
44.512780440653124
45.51988539500909
46.51161662500643
47.51089022044346
48.51151567005859
51.00260783078537
52.007180692342644
53.00302903008146
52.50644781250782
55.00601569760598
54.5172339534822
57.002220699766106
56.51581347475584
57.50942303279333
60.00730693191429
61.00428443448862
60.51164273118788
61.511949119513005
62.51766471931714
63.52109729268979
64.51757683496174
67.01685119503068
66.51615953048625
67.52159403931083
68.52291497211212
69.52297565695241
72.01636251011519
73.0121100126376
72.52406321421408
73.52767174004995
74.52620567083294
75.52232969598317
78.00881397843199
77.5266069525895
78.52639965472956
79.5222813470465
80.5310865834654
81.5339675566478
