64.30734219609757
65.3014463555616
66.30249686519369
67.29931577747118
9.414428962921006
8.418049506119472
7.411927517573097
6.415978364519525
5.4120200059557755
4.4140424149446105
3.4136775287547576
2.410285748314685
1.4100738843148117
0.42703263240022715
0.576520503928758
1.5824507711290412
2.582180499964417
3.5838832763904365
4.585444859900903
5.5774425709757205
6.581009431809522
7.58127564204455
8.590236581023555
9.603425580052166
10.593700480522402
11.596321986272658
12.593740771616586
13.591547285448602
14.593119619846048
15.593649664076274
16.59139049672735
17.586147595927777
18.597202540705783
19.59093514385398
20.58859824533946
21.5863426897361
22.587369405138983
23.58600452816094
24.587138072346406
25.587771299686732
26.583601592112565
27.587488945846232
28.583437742145733
29.581507719271695
30.583806618316444
31.586512966481557
32.578453376975276
33.58252840393898
34.58396185627098
35.57639976085523
36.57312194536105
37.570234909589296
38.56859727340253
39.57554227943132
40.57501707759048
41.57333134473699
42.57476356093437
43.57551764433035
44.572150043569216
45.57553706483955
46.57154436450735
47.56863065206279
48.569618200986866
49.56786863914723
50.5707069304294
51.57316745135576
52.57031449860089
53.567153160366026
54.56721316264125
55.56899294695586
56.566953884371145
57.56723217829905
58.5695127268599
59.56537889620431
60.56493408102961
61.557555983956995
62.555260232144946
63.56154316643004
64.56035232365232
