88.51526735730712
89.51377368243041
90.50546122021171
91.51180302561997
13.458465501109194
14.464089837591594
15.472045027531786
16.46201852418614
17.455459046640286
18.45081042397711
19.45403246743647
20.466472318998346
21.46782887081238
22.45718388804497
23.458893536905826
24.46929638096981
25.460333720900287
26.44755491480652
27.452191341105983
28.464020840504727
29.45448883696561
30.457605193605403
31.46707829693014
32.4669816093839
33.47815336799453
34.471477519788614
35.469840800520586
36.46769913730723
37.475206303635176
38.470577282436615
39.470022236368024
40.47034592745531
41.48018707201111
42.47356163107172
43.47543366649718
44.481241362458704
45.46377571567883
46.47132620816512
47.47951390085687
48.49075358909991
49.48207279588862
50.483766473371176
51.48868340794768
52.48151460640362
53.476311447207046
54.476057653960815
55.475317008997095
56.48672986354556
57.484892736040486
58.4904305257933
59.498123436613376
60.48935597507959
61.493432026945776
62.48679055026583
63.479955572781066
64.4839456651583
65.49261415904333
66.48455310205003
67.48523979282203
68.4928989141636
69.50786913946784
70.47701867069782
71.49166864144632
72.4899744944212
73.49322517182895
74.49910416212306
75.4843806312937
76.49102138934091
77.49298941735395
78.49816260056237
79.49534211649228
80.49953147065095
81.4887100948924
82.48774502729597
83.5084844270583
84.50701375501485
85.49167816251925
86.50759465310517
87.50882049030278
