69.14942534334558
70.15262178373325
71.15227128313002
72.14421547366321
4.611059025755974
3.6148129104571383
2.603075354843468
1.6105367527581445
0.6129556193760078
0.39807873993612614
1.3938267212874222
2.390880691159122
3.3793608183517967
4.381175669290976
5.382676629334019
6.385999129593943
7.381415032650851
8.39095812236102
9.370535158873967
10.380499995725723
11.386909775503302
12.389867099381123
13.380572540082184
14.384409963267835
15.39617804936591
16.387220766745163
17.380402470867672
18.37546024906663
19.378434337167658
20.385136174018026
21.39620693292857
22.376364683267763
23.37863747953665
24.384546766529297
25.378810863297804
26.36843552704446
27.367927198599443
28.37529102224554
29.369816236152925
30.37393573432074
31.375841934214893
32.37816868389389
33.38686765075931
34.372528317877396
35.374233291161644
36.372219394182764
37.37169545079645
38.37795656601525
39.369351349642585
40.368436599775
41.37037472454724
42.37209153883696
43.37275872267607
44.364034486458365
45.35355897181104
46.359533813905585
47.37141313368249
48.370891240797675
49.3617652321175
50.38135426759279
51.37953795698491
52.369478796673285
53.361228309819
54.35561765309591
55.356627454545254
56.36496901322271
57.366738793365954
58.34047677152566
59.351036857244644
60.358321883833526
61.35296839502064
62.346429975317456
63.34326724493217
64.3505613656912
65.34003803839947
66.34229395081763
67.34192333005316
68.34379438395938
69.34629494377494
