80.37887614612082
81.38864306006903
82.37747715910507
83.37992422897842
6.247662103962383
7.245854615574289
8.245659418302868
9.242377980258976
10.238045946765071
11.24209160295681
12.239544573947782
13.244093823536149
14.245045238000639
15.246103301390583
16.24102146277433
17.244832367883085
18.247958425128008
19.249080046767865
20.2503396898265
21.243513023201956
22.24449142177186
23.248331901132286
24.249124951891634
25.253898594631423
26.24807076231864
27.25191534325467
28.25199965854684
29.248858089367587
30.252285746714158
31.25274122706959
32.254365681230965
33.25344857749928
34.259844696203395
35.25004149587287
36.25063183716915
37.26182166134939
38.256198691291964
39.255332754067226
40.25810877367993
41.24068628774017
42.238088397362446
43.24091791446778
44.2417939134323
45.24183151394947
46.24098976687575
47.24337003079479
48.243743405626724
49.212253486251335
50.18130292871493
51.161157961233464
52.273276410851
53.271041118697774
54.269559080389385
55.2716467481555
56.230100450793586
57.26709997195104
57.3322140753803
59.14858118701678
58.0866776213787
56.84616236852425
57.30757298179632
58.14514801221914
58.991745341901954
61.461964629643404
62.89799583582525
65.82144118665768
68.26638480650391
69.26061961495323
70.27978509545508
71.2875723963283
72.27704717721646
73.18095147435933
74.22807043163748
69.8260398010983
70.9810344132529
71.91331115154347
72.78382772477221
73.80783034163957
74.8131364050264
