7.603545942780311
1.543790565112299
1.5493839785337473
1.5236080315048046
1.5427475628194585
1.520297695171709
1.516022332860247
1.5212057521006153
1.5020170013325909
1.5061833973058
1.519320514296691
1.5194400599205766
1.515068757780455
1.5100413314712584
1.522074196427617
1.5475183758824107
1.551107714632
1.5600135758341547
1.5359136651337495
1.5363763925788003
1.5219657927300458
1.551168904161402
1.5241656839560003
1.5188965480851386
1.513450268182589
1.520557329121263
1.51926530534172
1.5220793416879388
1.5422702005585747
1.5396016892353923
1.522519271613368
1.5277492504988917
1.5500478244174984
1.5479189315513575
1.5593249956885915
1.5663339583444877
1.5524750362387525
1.5424725158934884
1.5227117617133532
1.5519620004057155
1.531721824747948
1.5127902980634171
1.517893112626147
1.5142428894378237
1.5236352539459423
