2.5668985492601424
0.5460245321899638
1.6184313411991402
2.6821232049387618
3.5293262253320403
4.619972028070044
5.647181703562966
6.678699433164913
7.59382354683543
8.645352114794779
9.682369715515703
10.577255396020757
11.617282451801442
12.666434217747268
13.544079538598318
14.624266436415068
15.655138797897639
16.55001232093253
17.610825687697332
18.633988494359684
19.552972618623496
21.65398233397665
22.712223125630153
23.59177277140805
24.645042488795905
25.695860740167383
26.584585523177545
27.63662475802559
28.68716667818949
29.564383616523905
30.639546646482966
31.65172560141057
32.56250543307441
33.61168465592036
34.67344877131708
35.56878959151908
36.61178000563829
37.6955457600128
38.73946448783786
39.60443009823702
40.687619515933505
41.70350031270156
42.58036885484003
43.672417561933585
44.71191473746371
