9.21249105654356
2.4946920365154956
3.559106121422012
4.44721894560464
5.512499421849214
6.553285172766619
7.447920185233378
8.465355475352142
9.53051575750805
10.609135137209796
11.483051280489526
12.546801813934644
13.579359935790613
14.459958255851438
15.522775129270984
16.581834010248222
17.447897141189372
18.50050615214761
19.55896964183217
20.465219915935478
21.52369878937398
22.57492729149125
23.44106301311721
24.496177834256
25.558216033658834
26.64117091162559
27.48439491181779
28.524319976588227
29.597978744570387
30.467258581787927
31.557643006577006
32.59633355509218
33.46517302090022
34.50823497079543
35.57418040969653
36.50562732435679
37.52813431279683
38.58611890277057
39.444609263647784
40.48883958857263
41.539061380620986
42.627831466945786
43.50273386187565
44.561850531214084
45.61055022139993
