1.911612196775351
1.5936192115198133
1.596294066459677
1.637857242947929
1.5964920711028778
1.5776146957532255
1.6052678567085672
1.6325218398997865
1.5891964775712621
1.5830627243571649
1.6081748606501562
1.6077809833758459
1.6038633798991284
1.570092850825463
1.600011501069115
1.6206325906731682
1.6061443393783619
1.5787714124414898
1.6069609200069952
1.6349611835015128
1.6029801518978846
1.6148792589787502
1.6387768963807392
1.6300835185235159
1.622730108242718
1.6481057888147848
1.6290005418249502
1.6220089731121405
1.6006455977728868
1.62234876103831
1.6138596275658694
1.6317220480103884
1.6195891544796177
1.6061862740898851
1.6271922406798724
1.5990592490316204
1.6175279999627374
1.6362938709478805
1.6035897499248153
1.611236895808409
1.5986551746880016
1.6129985716136737
1.6169272406612725
1.5751705208827345
1.6169982915125685
