3.0434352071928865
3.090978381313124
3.0865621971001738
3.0560183168873385
3.117892902240564
3.1015298337327826
3.0619934283426082
3.0963636931023646
3.0630136833027453
3.0970914152837405
3.0679966047891667
3.0613701453416247
3.0701638534649147
3.069904831086689
3.0624541243321266
3.0877083998646517
3.070983891254846
3.0649321370837352
3.049794840036825
3.0458565202050103
3.039585521632403
3.050218695179274
3.0568775501540157
3.062860057572092
3.0567817256601395
3.0369240562025177
3.030874306900257
3.0262264455540073
3.0478457212963375
3.043605434015815
3.0360637911576394
3.03478369389335
3.0577733983632234
3.050299451990964
3.056822477684525
3.040659990421099
3.0465453386005668
3.072028262920579
3.0456624236113337
3.0658412749448156
3.044805820697522
3.088468854471611
3.0370263432439404
3.0454285541061523
3.0423722101173674
