167.06600623510263
3.04749173615695
3.0187745386984726
3.8942605008898368
4.976566925120554
6.009934848827811
6.898876437863512
7.945859723132913
8.979945450122099
9.872650128293436
10.937337709531892
12.00614795600544
12.861013042706837
13.915801003657123
14.956296085643054
15.864277084196116
16.903960278520778
17.969478892693747
19.024005877597997
19.89971741384064
20.957708871725117
22.019204791154653
22.875721836617906
23.929011895878848
25.009802336746997
25.88578712719579
26.935344854489408
27.992042556118232
28.874151011779983
29.919816955992157
30.949431617163402
31.868276495391417
32.91605733672923
33.99548277544152
35.01367403435954
35.89115460810389
36.9666453771916
38.02345646256687
38.87643815976693
39.951004964768536
40.99483582950882
41.88061924644996
42.92877601224014
43.963674852022315
43.98836709554164
