1.9363581396868423
0.41239454960389
1.3672254615502455
2.4225557816368735
3.388001033850805
4.347857149951496
5.4039608547317295
6.391462038313964
7.340330820691786
8.395325845711545
9.374719971269911
10.426358512718947
11.384571481643858
12.356982228290276
13.416659206845518
14.380872352520049
15.44985332641531
16.414618514129995
17.386306139038563
18.43693619095583
18.44528052256875
19.423481223717786
20.38098550996682
21.435010628867207
22.391394478619457
23.454800551116467
24.413057064014136
24.429046609153296
25.392894595229333
26.435915018648465
27.414598832646703
28.37777134909982
29.442401893946087
30.405994593696573
31.46156466390377
32.43484293878769
33.412592269048886
34.446090857289356
35.42188392714839
36.39560169697087
37.442188774285704
38.40895137193764
39.46981614206017
40.435205843570536
41.405857948066334
