0.8533114893949425
0.31111118183267134
0.31301396445511115
0.31312609860775625
0.3169656980100301
0.32202948119306085
0.3172583818019737
0.32259636644198003
0.3182156206928069
0.3245837518861199
0.31962452302355815
0.3180057787242734
0.3193679056373421
0.3213102214317239
0.32339950625897884
0.33381773596793934
0.3192992202782001
0.31718160694875996
0.31607688205267503
0.3229439447193537
0.3209450952663984
0.3223690424194553
0.3231039697041381
0.3231083290954213
0.3088452452944967
0.3287312886091958
0.31392237732451966
0.3172696937843478
0.322785515152151
0.31729551221190816
0.32400109779361985
0.32379421822449594
0.3204814161244572
0.3234728456492789
0.3351523321692399
0.3232916461569255
0.31730904777730917
0.30976683560395435
0.32594064983266385
0.324801784801877
0.31603678625221554
0.31182289454689793
0.33071009403566404
0.33583758742461894
0.32693194617067084
