1.4652931548563972
1.1298359027417741
1.1186204757351108
1.107137519183986
1.1177123344318256
1.1302488615807185
1.1214797691341947
1.1252978293552567
1.1301154743917938
1.132106687894313
1.1271141775073397
1.1311906562595142
1.132429708770632
1.1296294796748085
1.1264989713316933
1.1171104164301544
1.1200263223148708
1.1197441834785251
1.126170345011477
1.1231128484774684
1.121416255253335
1.1185938439113121
1.1424681377741792
1.129588878437153
1.1189138877383304
1.115065357374279
1.118716187136636
1.112484020028307
1.1320750795376553
1.112360986483929
1.1085106891861969
1.1173887958303046
1.1106295804257507
1.11137932172936
1.104535684210942
1.1084684989269387
1.1096867012604728
1.1178259138026552
1.110246439119823
1.1099328576688832
1.11912462788729
1.1057538137930416
1.1001932721802463
1.1088257610460637
1.1134485753958716
