6.745496418953295
0.6140301995326415
0.6075838978086382
0.5945876986691507
0.38211720203312427
0.39657471856273857
0.3949300987367079
0.39620045455576
0.38427150375145797
0.3890821031862906
0.3995404740797931
0.39698499928668424
0.40272131053299226
0.39403189287053225
0.3902829971381165
0.3977500909998114
0.3960817999561005
0.39263505188580966
0.3980100910962219
0.4018543266869324
0.39878173181323434
0.406956515246609
0.4071427959493567
0.4014544858724924
0.3958807283845434
0.4226942534620616
0.39310508993780097
0.3821845600654298
0.3985162825400447
0.39155698648485027
0.40540171835738176
0.3998868841391057
0.39601070767636165
0.3945703180487716
0.38852636553131376
0.3995935206701956
0.4025247772583169
0.3940507564887406
0.40614729039094855
0.4043717828575775
0.4211063380434646
0.39343771792407084
0.41009598805334163
0.39576502740083563
0.3955562192770128
0.4023545354147725
0.39140454324475965
0.3875101453394426
0.3958224582484472
0.39817071465763487
