3.4412953325414346
1.1105208539726632
0.26467896318723877
0.9234310808649915
1.8885687598961862
2.9337527755219526
3.906056233385606
4.866456489371346
5.9277016544921
6.8967327316434215
7.9549102468393595
8.916883792513516
9.884750443074784
10.952848653036233
11.906383205695798
12.981482096901635
13.927398419490869
14.895501307362862
15.962584183358285
16.921369606254505
17.880111871021068
18.948476149910043
19.894416478234593
20.955658721907653
21.9236293089801
22.86773622629917
23.941255056966057
24.894639293100305
25.888551671268505
26.92968725555485
27.89010513835648
28.955634154657982
29.915734914544633
30.87760017155702
31.930871483285234
32.893553525053505
33.88299719563565
34.9258978898461
35.90731225265926
36.93445724393472
37.9186704411834
38.8768425746063
39.936902878775015
41.87219046988353
41.87835373893237
