1.930325128290196
1.9951777204522456
1.9909353724597634
1.9849784177922225
1.9807712707703957
1.989978081597007
1.9885292188903425
1.997127283262735
1.9964325203327489
1.9919012335992745
1.9931897173490016
2.00387948226704
1.9925863990314523
2.0071435270671896
2.0059207246235604
1.990099613381301
1.993661584388497
1.9985937227941126
1.9966118542934195
1.9970459151198434
2.0019570454068987
1.9940924773122488
2.009381663022371
1.9976089833064128
2.010346922696433
2.0093273188907457
2.004421924653446
2.003177977242775
1.998949158553069
1.9878922159645407
1.9974516939264544
1.9969049477670404
1.9975245071924352
2.0000553689228706
2.007125771972843
1.9988034159327916
1.9974941009326466
2.0112480889399618
1.9996444758985892
2.0054427185025174
2.003710479562128
1.998572057247158
1.9972098872158572
2.0038673980464394
1.992035372593108
