1.9019717999848764
0.9633663374480813
2.0252755463754357
2.997304191214787
3.951412661595409
5.007829109277049
5.981484307040601
6.957313135069627
8.001256365638364
8.960152646777578
10.026333023703467
10.984629789366911
13.014610426005099
13.971355901128074
14.95122132474488
16.003307935202237
16.97250808366737
18.02472452825693
19.000952595334304
19.96941760514298
21.0322253247175
21.982890575087954
22.9578006102185
24.020108211442544
24.98043617563019
26.04139672153867
26.997085515297492
27.972703198388164
29.03223374594862
30.005101500701535
30.973480428354673
32.022322212280336
32.98987242835015
34.059668538116014
35.022546460602065
35.96920198302882
37.019457483472394
37.9972078264999
38.96436856404963
40.02365867201032
40.98607864032102
42.04545594128747
43.016467371741804
43.98267746958722
45.03957996544861
