2.6148468235790077
176.05635939015406
0.3729176096633986
1.4302410830929242
2.3722503567697295
3.3428533906572153
4.398746053668398
5.379168661679596
6.322350282918924
7.356879699583311
8.337392304812647
9.389296996570812
10.359057591542776
11.319274369368095
12.360637030820579
13.328450656456111
14.284792405035304
15.33830436895386
16.314912865470024
17.375061509913156
18.32128402033047
19.274726692252507
20.33727578537891
21.311595934161303
22.274954878932483
23.352055010170943
24.285270704054362
25.345749902193113
26.3124529678098
27.26725454683971
28.335832462701287
29.3084727403764
30.343156074921595
31.306429034331916
32.27382218113461
33.33720398905076
34.286934806724005
35.27160596701155
36.324135481441566
37.279341630571665
38.34074107548407
39.31551851220104
40.27289531728047
41.3231105555421
42.284749646236136
