2.1133573035499884
1.0006167988526125
0.997622719310272
0.9855557185886175
0.9910636107117692
0.9754092340634121
0.9944378577611995
1.0057957420783992
0.9992454694587248
0.9992091743058393
0.9902143104077928
0.9920320021927305
0.9995687528422686
1.0016973143873393
0.9911999515529156
1.0033900872753383
0.9857350152533583
0.994262585075261
0.9864687045116414
0.9943798211732634
1.0053978458628834
1.0029683535854532
1.0138345992882467
0.9984583914577106
0.9909134463938822
0.9806225898783024
0.9814080130394731
0.9881190726336669
0.9891379178946716
0.980770455331869
0.989054489283328
1.0007607623268289
0.9827113800746898
0.9976455868787548
0.9950676831501893
1.0018757615615417
0.9813659071602954
0.9893561985334974
0.9802590292758786
0.9758208926494129
0.9928568066545007
1.0008369258144263
0.9728151181748487
0.9722663834515674
0.9739695458037125
