4.675679607978544
4.659480901514376
4.646017424318381
4.62125904519828
3.767343041336075
3.773470340549649
3.7742512949516307
3.7741906087226686
3.759677919685484
3.7597904744676676
3.765126129632583
3.7716294833645163
3.7716135059109512
3.7581455170218563
3.768091122657135
3.7797267190542922
3.7745885929274476
3.770839725370532
3.779373156681057
3.7678621775285577
3.7753834518992697
3.7808997440209837
3.7740615155138593
3.769554808302628
3.7727247425077057
3.764878080571329
3.7619489467626366
3.7771041321710843
3.784864423608772
3.7992094633617883
3.7746437361348164
3.7818098724022344
3.7700295705684206
3.7618733604093606
3.7707674238308933
3.7686734513714275
3.776498476921362
3.7766496192647527
3.7754784079183783
3.781372367090302
3.776076683478924
3.7844462676119393
3.7789010985271547
3.7852031299586066
3.770191669159722
3.7728556982338075
3.7658067616768096
3.768134588294666
3.7724855255282335
3.7682167478890465
