2.8564802394326674
2.929444745110445
3.886917397507141
4.966807749124537
5.935592428918493
6.990129256691871
7.930839164673296
8.92385825087738
9.987270447974296
10.97109599474291
11.903202455134423
12.981434773369926
13.942837440452099
14.993856641675215
15.946660976104228
16.91002530022046
17.982804389163043
18.954089422875686
19.92250853848144
20.966580938036678
21.940402443944347
23.009935865982634
23.959081682272018
24.916535614179693
25.979679541789146
26.947808364239084
27.916973178361516
28.964368487024696
29.921995143577178
30.982007880980856
31.94752957594793
32.922984591405104
33.96887647652621
34.94260398276014
35.910690403302446
37.92903784452925
38.99452035924447
39.95114443359023
40.914614507344794
41.98095595736958
42.95649901067439
43.92630022844767
45.93352139681853
45.93243158869588
46.99047663430126
