2.1917155859203414
3.1906827789174654
4.155023078587693
5.20786947427758
6.196256002994903
7.155089654392671
8.20601431375614
9.175713908200226
10.154290707084021
11.20614636834453
12.166171971928899
13.228763954709892
14.200611998816811
15.167756790157592
16.20458807922437
17.17452252461651
18.144492100538507
19.201602303706697
20.163503735073412
21.24550363305779
22.193171958359983
23.168298574299317
24.221675586133564
25.177881485185477
26.154837002002214
27.219118680307933
28.179523445792622
29.235941860348383
30.201147403314113
31.166565473391483
32.21578235325144
33.19759925559223
34.162647273949176
35.202285948689884
36.16203182372793
37.21241801876828
38.195977967238505
39.16131636498217
40.22680783309883
41.18421738032655
42.16931535097398
43.22551132208598
44.1708099994348
45.23933525909231
46.189180742946704
