3.968513254120865
0.7808058874521001
1.755190302751528
2.8171351840275096
3.7904259589613543
4.7616095823346525
5.813830888480953
6.787262949880638
7.823284234132477
8.801408905754892
9.757705399174055
10.814628336325105
11.789486346690397
12.761804740458997
13.799203216771584
14.774578096969782
15.840904169487525
16.793145308143558
17.767001839058032
18.813188152719622
19.79275214337037
20.860884549522165
21.8176479774169
22.76621130031718
23.8329857773398
24.81759729918787
25.765761339189222
26.819441827908463
27.802389144093095
28.855113592346115
29.810478735067452
30.773216703172203
31.830656157969337
32.8065900527921
33.78184454397517
34.8356736619936
35.807062836073385
36.84111459978166
37.82316005301279
38.78712755110194
39.836471067889526
40.81558532552471
41.78330522553126
42.83188303690469
43.801831699382745
