4.086345905821921
2.1545016266825745
2.1476679416052313
2.154992012161061
2.164319062435572
2.1593752577836027
2.1590494305906907
2.162136188997995
2.145396197009311
2.1570735435494446
2.1504458621714146
2.1419195153698247
2.1516082586848704
2.1489372948064966
2.1470330773325093
2.1406949053375777
2.1424252532225205
2.1488365262520657
2.133668870483696
2.1489919479235082
2.146516068458256
2.1472966663370534
2.1410612450026534
2.150811347108034
2.1469153533876737
2.149701119990707
2.15640700070209
2.132566914021947
2.1406551642727014
2.1334872801987577
2.1500501476364655
2.150263372495726
2.1421825531009095
2.148837881903139
2.1413818672494913
2.1456726353231095
2.1451576387544784
2.146327547015341
2.1344667319529824
2.1498060161885117
2.1448411780611134
2.161162162997369
2.1453313883800993
2.1461215356760683
2.137684137975914
