1.398400739622242
2.000333608903972
2.868532741716156
3.937766097209679
4.984272996237379
5.8756342965967185
6.925553954377401
7.972968714470966
8.861515986180155
9.914504429154594
10.976335365075256
12.026134239429187
12.926190935340948
13.973264302630904
15.035171815268669
15.905370899047043
16.96494115637047
18.01390614639377
18.88402831617618
19.95314662480142
20.999452733975914
21.89256540496847
22.96094906495005
24.014252256709483
24.89357213934654
25.95211986134734
27.005565251316078
28.06441998613928
28.93056544249826
29.99766562636982
31.054556919080614
31.937485173373254
33.00242773841998
34.07188862243793
34.95977606229799
36.007003884439236
37.06680779082143
37.92235744540344
38.984926927450616
40.039371425071806
40.92772350417196
41.98885946403486
43.03814144412796
44.072035740591076
44.975580860823065
