4.347462622774777
2.5792182097067498
2.57891582911722
2.572327934811474
2.562089191232153
2.580273368310653
2.5747079213026636
2.5574067855773985
2.55894863475251
2.5704943072231785
2.565156568008335
2.5803630637059265
2.5803908820606103
2.572429522732039
2.5695200445364557
2.5899948857479056
2.573989994078959
2.565648396803134
2.579567333121796
2.57019900143891
2.570913460801283
2.578172030853263
2.5868358869340815
2.5834571478580814
2.5772665658211302
2.5658953132741185
2.5663775005059604
2.5798744153866395
2.590691086926457
2.5818026504446214
2.564647159040068
2.5819432960941207
2.5897592668036062
2.5736354751807475
2.5891274953707364
2.578470787630091
2.5670175742337507
2.5861533234261884
2.580208890781989
2.5833962175749203
2.6005945335745904
2.5848430899904975
2.578060491257121
2.584897814054592
2.586948506182671
