3.0419329970310103
2.8906135945954645
3.7680598901417106
4.845481955098954
5.897071181196518
6.769910060825475
7.815695421733244
8.886320960893471
9.763904469881508
10.821057311959144
11.87501255587091
12.747330489886744
13.80318757953666
14.84613049496787
15.908230247447419
16.800540388514552
17.830665709944395
18.904029522551358
19.775176520294398
20.827382572604726
21.882272034589704
22.77217828846859
23.829084740301628
24.88180068757448
25.762304234890813
26.821217291006025
27.87049680228784
28.74954716959326
29.80202173884148
30.855689194597804
31.91457908821812
32.797579013911566
33.84413586711088
34.89350954332977
35.80440728896875
36.83116605135027
37.88506473400957
38.77166595321009
39.8173151120359
40.86657297776445
42.82082596066229
42.8192117551754
43.860623086325305
44.74635055497046
45.79626189291609
