1.4755127217186148
0.7868805290082862
0.7769323945174493
0.7764388761328024
0.7748769362727312
0.7637969047440072
0.7741581782084177
0.7575346210932814
0.7629354714117871
0.7505733590491691
0.775082851497835
0.7781382552889856
0.7643664311987958
0.7773638210703331
0.7687851790294794
0.7802965185565013
0.7847400507984604
0.7905063987757184
0.7784977254377212
0.7641810432478581
0.7801290183976747
0.7838890974575488
0.770529269400558
0.7694441895679811
0.7767207029758769
0.7778748082385097
0.7810018984174866
0.7849325436345375
0.7859533473741717
0.7948657942874063
0.7937026990124973
0.7927641760369872
0.8046109560311165
0.788184437771454
0.7866699752757719
0.7867480375671775
0.7730665440872219
0.8029927908090094
0.782995256210803
0.7752371474832325
0.7769883523477297
0.7903884996251708
0.7802785012406167
0.7702916938447324
0.7816454256421272
