2.8188189765326617
2.3070312957267984
3.1957304175066312
4.242553797912404
5.293389958475114
6.190794192173336
7.250210623714694
8.302284624080919
9.17115692263248
10.226583435182619
11.292981565029987
12.177441912001147
13.220476529435222
14.28917132732574
15.349024004504592
16.229382538845105
17.282773916686416
18.35107929587
19.22905710135462
20.28596900694759
21.353350387163538
22.215381800654225
23.263278626671077
24.324322733657286
25.20929376569293
26.273550330935706
27.324742475821626
28.393840101648824
29.262754990686624
30.335304614737048
31.384189948193907
32.27084123192505
33.308184870191134
34.38647826275038
35.263735934576665
36.31433809661365
37.365800457453005
38.25307717824916
39.3085669515628
40.36904347365756
41.25184863136306
42.311251449085184
43.36620300068974
44.40381022558677
45.28765367972613
