2.314876318438289
1.1852956842100895
1.1885796668317865
1.173148224915646
1.1667617154709102
1.1862395256540843
1.196974902194482
1.1921803215332532
1.1816399243113218
1.1913752642092303
1.1751175038849375
1.1590978785436947
1.1582075827270932
1.1823136640832743
1.178818586184207
1.1759706903377825
1.1737744579624743
1.1837426053603584
1.1710098237449738
1.1628383874237183
1.1621538276022028
1.1439406218002617
1.165826210576134
1.1551208497666514
1.1645536324719132
1.1578722939742505
1.1550052086171718
1.137456136606847
1.1419797787294255
1.1537317596758223
1.1480583644267688
1.1515740322683161
1.1453193718595875
1.14308752303136
1.1552148067012484
1.1539066060029401
1.138277300901892
1.1329044080677488
1.145281778669941
1.1370911020566847
1.139284826771356
1.1530280912627215
1.1506291827163777
1.1192764120050407
1.1153688481909978
