5.535917686531452
2.60790899039311
3.648540667204403
4.532608492106509
5.603235894948308
6.63566614266508
7.522169596074186
8.571506870518562
9.626707114158956
10.532644819722845
11.562313073786118
12.63391587820216
13.493823343408923
14.566270695174738
15.608820634615386
16.500928752027313
17.561548586244104
18.614763391974137
19.676639220416693
20.548323646934243
21.608825146765653
22.669434344879694
23.55481704258393
24.60363888242451
25.665541431759404
26.545927827999762
27.597833735782583
28.667574765574322
29.535444026132918
30.598573555984274
31.65234705763256
32.53901628265117
33.597242635225705
34.63608213453631
35.69905876619812
36.559967841345674
37.635852829713585
38.70510551780583
38.688444318708754
39.58599345606195
40.65166925680129
41.68992224268594
42.54604374646927
43.6194016262118
44.696646337804474
