5.7823476068663995
5.77313668968996
5.731392025295647
5.692613120890734
4.677478560938
4.6887820791819905
4.676281197993186
4.682585483700086
4.6764603832246365
4.657497597413442
4.691750757571509
4.691934208138637
4.6891940809618395
4.686988484140812
4.694102547384708
4.69180340975626
4.675173365076744
4.688059154425391
4.6844891088542004
4.70636411928705
4.707173735108384
4.697717584476
4.698972780094903
4.692695909930099
4.699253509760827
4.6893228984213735
4.695933364094462
4.700784081460601
4.686475806167272
4.685777968954457
4.6967092138763915
4.708856552114418
4.6860350469684855
4.693110512324904
4.71570386927804
4.695112128556242
4.70189816257767
4.688085263051088
4.713688880865958
4.706013524228634
4.694723616590237
4.676498912420566
4.690476065066631
4.6800862187938295
4.692762997505821
4.689230925636854
4.6937155558841885
4.7063853030193465
4.695951176905281
4.68805047244965
