1.6596033252142097
2.0786470375942434
2.108776561076751
2.0837180217092572
2.07709333442999
2.08569041197439
2.0657662453867505
2.0699192592637363
2.088759174768083
2.085893568910388
2.0881910411679128
2.085491373959753
2.0925866596703218
2.096056756336325
2.0910131914002816
2.087108906152993
2.0692266169883013
2.1119003531321088
2.0830470957727876
2.094840069232113
2.0810458460432955
2.0783181317527686
2.1094107845345462
2.0854555007003817
2.0887324000687286
2.091352339572385
2.0940671944626743
2.0761240350876276
2.08116546711374
2.0822855859901925
2.0811766753358047
2.097985611202661
2.0912015976800555
2.096550509879484
2.084987565428982
2.0952342556984296
2.0700392074480676
2.0919105919118026
2.0732547031477155
2.0880915276537664
2.077268469882386
2.1019232302001982
2.0751109870063544
2.0997859918377095
2.08619589559923
