4.267761847157738
4.156036025002984
4.0462227618668685
3.94528775775014
1.802596967848383
1.8119769091239832
1.8349606918454193
1.8156750404984314
1.8110161965789027
1.8284417134335629
1.8184403959626427
1.8438044414669117
1.8410078292161411
1.83237369859903
1.8467298217593826
1.810422289830909
1.8092656451808768
1.7992789095717656
1.8378642035987571
1.8216173622568113
1.827709477507125
1.8231593299874953
1.8027856698175424
1.8047791709838255
1.8079848734501975
1.8496761552836907
1.8276921577230734
1.8155981128259133
1.8285144505001951
1.8313450252709453
1.836231906972175
1.8459752105976934
1.8422364157123596
1.8570271026154623
1.8291234909134135
1.8377446267139155
1.834986547235604
1.8427817281894432
1.840172587033299
1.8782230344104094
1.8478339503542243
1.8482767123010082
1.8479187786423534
1.8507560947156316
1.8223268354941404
1.8481918122813805
1.8616246061293154
1.8576803875907233
1.8423741840467724
1.8288524797089607
