2.0042701513565437
0.9428619146929297
0.9830240699888131
0.9740094593810782
0.987802838650684
0.9565501291363322
0.9798854018507075
0.958720426494297
0.9754929467496226
0.9692253871015615
0.9786310881907664
0.9848711298005758
0.977295699818344
0.9699158809603083
0.9804583111156742
0.98492268235323
0.9558650085812848
0.9759174389605342
0.9600989941965183
0.9844766985212502
0.9774221972181761
0.9659493554429177
0.9724359527633717
0.9702048820130043
0.9799535833336558
0.9886381040207513
0.9830057422063957
0.9693205891383232
0.9733662762341896
0.9729670361402997
0.9704440621222366
0.9761836316846043
0.9836427889529861
0.9639429068761789
0.9606427926841448
0.9613221893407983
0.9643620042123882
0.9846886214584611
0.9703183926798352
0.969230631745914
0.9619824581883605
0.9638921889781416
0.969862771655153
0.9549478365184162
0.9747456729238255
