2.07376396913501
0.9522883571965067
1.844068187154331
2.891895633769884
3.938533964964897
4.822179764564138
5.905887149292727
6.952654957067821
7.8310015971152955
8.900413529364352
9.958059645990897
10.833393162106264
11.905748230704658
12.949729584171083
13.817097786052273
14.864067041464763
15.929576806000098
16.990668486618876
17.883381535004037
18.920342162684147
19.973492644089184
20.838808033481584
21.888925208843453
22.960861735031234
23.81635873897287
24.92330714884776
25.946755175003958
26.82877544329352
27.889272671194163
28.939951993392675
29.821482745322495
30.862465457746637
31.926121502019814
32.943955854622445
33.843011294419824
34.891815010432225
35.93195964555902
36.8456718043746
37.889944293353665
39.83036934410723
39.84866429742197
40.90998875190242
41.96826697211622
42.83502032721441
43.88324495984402
