3.533730282588392
0.7980097501132487
0.8133433221559051
1.168740212605367
2.176182304739081
3.0653480207141546
4.128976142655661
5.211081357902046
6.243571095629651
7.130525454043783
8.173529679291116
9.231802213145052
10.12393671397611
11.132423160993575
12.211002753312483
13.103546801718227
14.150852186437737
15.221409575485565
16.097482752123394
17.133094450979044
18.181613704388305
19.060874478953078
20.157626375916102
21.20875444355037
22.247286646028837
23.134813013247815
24.201512652958254
25.25832513912454
26.118072543095202
27.174151451251447
28.23851303667013
29.125223937191436
30.182875361119752
31.224092885632327
32.13215020560207
33.17434605756853
34.23323608531289
35.08410402693666
36.144880925325104
37.2197936508667
38.28099402367618
39.17508825023303
40.19618558553314
41.270600305634574
42.128440011126365
