2.2899670270698134
2.004107015877093
1.97829744867829
1.989211622262167
1.9977648458025479
2.0149193355387056
1.9991912510398642
2.013534281947173
1.9798539603954888
2.00209254918809
2.0170818591135684
1.9900176952250688
1.9977195187915644
1.987912483910325
2.007368339474558
2.0150863577794196
2.009060374655833
2.0050245021027058
2.0095057267852057
2.0007113630708746
1.9804990390280575
1.986893200857074
2.00571972299138
1.9969173263759181
2.0145236851762256
1.9888693724965396
1.9976617489242594
1.990651104854212
2.002803375280911
2.003857801824666
1.9985703890709827
2.0056151731190197
2.0021250067881047
2.0072556988073926
2.0035328273308473
2.0078872910416314
2.005054096630832
1.9823821011635556
2.001695011975219
2.0083835379841175
2.0161031546239943
1.9847939853994137
1.9962815956152842
1.999147081676705
2.004061199959974
