3.8159937949605927
2.015150283462432
3.0358083021738502
4.096727086856309
4.980475376713165
6.029725082815446
7.0945977112812315
7.9531837627278135
9.03014602388491
10.082395690524304
10.960659167027684
12.003949908036672
13.086120102099212
13.971122492761538
15.035089318059493
16.097316690112294
17.145068297135747
18.043204459001522
19.06569289134255
20.11081662516856
21.011982664866387
22.057756005531946
23.11590196612247
24.00623877011919
25.060455142840414
26.110764785958985
26.98058755468016
28.04014778215021
28.009454453170108
29.05866033285757
29.96976168038025
31.020113921298112
32.06507171100699
33.15839470858215
34.03603914738561
35.0776668285496
36.12211111460366
36.99094962562335
38.061469750509
39.140661680188835
39.989554900937485
41.07048228836262
42.10517673187709
42.99983703231405
44.06849679680819
