3.0941088574413675
2.126218474137164
2.9988716043369514
4.0661345793140775
5.101302650928913
5.994430825978396
7.060220482090544
8.086643032516566
8.974248565399405
10.051954355755186
11.102425600372413
11.979172909969618
13.067401108225688
14.09828501840872
14.97965993964275
16.055301882906317
17.105006103102742
18.149257311625636
19.067584541840116
20.094771507636597
21.13876832230905
22.01381730904755
23.054373445912944
24.14028498918873
25.001595363970736
26.093391775424177
27.123122281615576
28.014301616299598
29.04582743454628
30.10501915283676
30.975470474340966
32.034975077322834
33.113953797987165
34.17636015520405
35.03220895496842
36.086544505846206
37.135023565525344
38.03315434587215
39.07847862233759
40.14501344519066
41.00642470396881
42.05777961935646
43.1164180256689
43.99875876160613
45.07806648034674
