3.280568362216589
2.507884151904543
2.4889650944081985
2.4619483517289678
2.489317982677869
2.4800717095621976
2.4641332669988323
2.4972961895466215
2.4809869132149553
2.4898854520050597
2.458450317601984
2.477754587549892
2.4687579502244
2.4730219133895948
2.4837965634386374
2.4886428321960623
2.4773040115331058
2.476280607469322
2.468757598154256
2.4777128552344903
2.4904808230902713
2.5021917301073757
2.49941315393845
2.506935289251683
2.4970410508255396
2.4956007180318625
2.486529633473552
2.516368765305114
2.4951811910312047
2.486100812978761
2.493047746341585
2.4798608926505157
2.4736631165223693
2.47430604514669
2.5021991168241633
2.4995880472391394
2.477245493715762
2.495819924639473
2.4962804525588203
2.472431285914644
2.464206679526515
2.4949626715401196
2.479825490901451
2.473586671455877
2.474860188158755
