4.417269762297352
2.063705952961681
2.05532113717523
2.0542661091633407
2.0778595253192367
2.0501684447705246
2.0826338048568007
2.0536741074842775
2.0881941326913536
2.0818540560888197
2.0659147406252623
2.0568937493247095
2.0814349451078793
2.0715889429644383
2.089999394973348
2.0787962502807678
2.055754906206517
2.087184946769592
2.065453449211407
2.069209611403701
2.0842235057028615
2.0861114671906407
2.0818919763403327
2.084625488984455
2.094989212094116
2.0797224230359364
2.085993836534303
2.0891807357049053
2.067473169084026
2.1031143596734023
2.0887891755665082
2.0829273240429016
2.090537089925247
2.069540562504758
2.0886918509524715
2.0559452506279583
2.0655888132711837
2.0740013633957526
2.075306757242946
2.081662495840661
2.0651874601674787
2.084851295580267
2.064494945084702
2.0723107300885983
177.93627823132292
