0.3396754226892565
0.15112519159731985
0.9413013786786995
1.9725453542524407
3.0373464685379354
4.10291542907312
4.987797287294721
6.040878274799324
7.057381735458155
7.96758173860723
9.014587093513574
10.084069965720849
10.91840118342995
12.02244328248604
13.063433394652389
13.936493548214177
14.968382202723188
16.05007640092089
17.08991269611918
17.959116065766608
19.0281415708533
20.1006646964118
20.96688746166096
22.009837011072552
23.0655381501326
23.946567184115978
25.008300751179256
26.063325475122777
26.924374166848207
27.99766513691637
29.04699845700416
29.91380782978567
30.996080727936754
32.04068995459751
33.08329191379977
33.972039224434
34.008868314761656
35.030635501123605
36.08735145466088
36.943586985740865
38.00129366214511
39.0728396670831
39.95115597403795
41.01445361965501
42.059336655890725
