1.9818917414235995
2.7395076585616027
3.80686904016629
4.875433749928192
5.739764633217256
6.806560688473284
7.876285547481212
8.760644104355285
9.797200770425588
10.845272877752096
11.937095584945215
12.812591892558817
13.891640692756424
14.941080481746694
15.82810546126243
16.863713740329054
17.943011030376212
18.807490800554138
19.889579888398014
20.92887164679724
21.840968178138585
22.888184193411632
23.958651377624882
24.841992571854707
25.894781010242063
26.964208076137158
28.022353874940855
28.880310487039985
29.960276408664665
31.02624129075989
31.91611468681488
32.94427126097307
34.018183337008125
34.94156861619169
35.96571805999812
37.02071502215844
37.87057390719626
38.96948231026281
40.016867608878194
41.09997020972887
41.96803219385522
43.02007548120934
44.0890824909303
44.95605775937227
44.95504840092434
