3.6883534000936042
1.8293286481229984
2.8935641009706803
3.77413900949427
4.82420084284888
5.884197874188941
6.740101590272896
7.802819210022928
8.861954823800657
9.788461160376727
10.838825194094108
11.894548807359017
12.907656410132592
13.797492751539545
14.857938515839086
15.903342611355285
16.787386326514397
17.849158350151892
18.892110685698015
19.78579633176433
20.827345933354184
21.903643732997715
22.757949612808545
23.81941777546748
24.852327432174537
25.745856371744214
26.807183608317608
27.86777698182996
28.905661270531134
29.77118228711782
30.85589825259346
31.897478246798308
32.789169413938446
33.85941161091462
34.90191791189845
35.762734215177325
36.85874381997479
37.87698146914828
38.74424829792756
39.78965416368648
40.886062255369794
41.942236703936835
42.82734188085375
43.87222287458222
44.95836914953146
