2.008418117300671
2.418359449336047
2.4216423687207853
2.442219783013899
2.4488283354698535
2.4546480675468083
2.4571107970980175
2.4915855078322107
2.4718203650693646
2.479166655940535
2.4913023959739258
2.510508087093585
2.519086104827933
2.51559829735319
2.5172798098667215
2.5529892722376477
2.581893441031278
2.5760479905302245
2.565028039454138
2.5480628233179976
2.5702269653762158
2.585021537835108
2.6014166212725796
2.599724651530962
2.6207894468040296
2.604210687487168
2.588717934825863
2.6340981434434085
2.629526044784238
2.631885863971277
2.6121318274453422
2.6389005029029087
2.634402145131033
2.642242606703791
2.6609514795203006
2.6729266303600983
2.6675904305673037
2.6780783681162452
2.677761507258041
2.684425522896456
2.6744088706287625
2.6841986034752128
2.6991683566480438
2.706423192573908
2.716362790923247
