4.154176550641063
1.108423236034974
1.0986479753261709
1.117254853682432
1.1261874234879752
1.137150603863513
1.1251296266071595
1.119920913815919
1.126684011969505
1.1457961375756363
1.0990466029180057
1.1037335228411855
1.0970284530721348
1.1284193847431436
1.0918176299071116
1.1256253305990231
1.095992599621072
1.104413564458769
1.1386651260082215
1.109497414485234
1.1051370518846078
1.1112907643304508
1.1227060321731448
1.0961418445152176
1.1201790892229762
1.1230445199843395
1.1229476438598973
1.1388120415179048
1.1092415482405893
1.12647072015128
1.1501526556465207
1.1090737213022932
1.1427236888694656
1.1269574608036146
1.1409722113728553
1.1304223066485035
1.1586321587663249
1.1263491599647995
1.1139623030239079
1.1363876993706594
1.122887576960581
1.1368032527098575
1.1559008376580657
1.1633111906124234
1.143311997478694
