3.4762210464391634
2.4450599316245523
3.5491032503147784
4.576803590115907
5.642016289985727
6.481558980998092
7.555193717604373
8.66172248503544
9.528352469678039
10.544088347257757
11.60848271224917
12.498854956283477
13.562638570469211
14.586945559667559
15.482588382451686
16.520042764638507
17.604629603451933
18.463021952967953
19.538727244434515
20.599675411023558
21.66354340005354
22.52368777613029
23.563883745393817
24.61531688080298
25.50745650775672
26.558474923870016
27.60530268778056
28.483681641044218
29.55282864148177
30.59071669178396
31.47016722935957
32.5503499556994
33.58889386508317
34.498311464214076
35.54405850791599
36.61292917797671
37.659029205094825
38.53978005230524
39.574249098379966
40.66251117068031
41.5473712801428
42.59159863357049
43.680125932453606
44.56227641288858
45.552928946643355
