3.197560681527224
2.206608027924998
2.210774341859373
2.2002873902808333
2.195780827094353
2.192828198974314
2.197340162951116
2.20447446043969
2.2469090996350625
2.2383726534828834
2.221203171576626
2.226017738794762
2.267963580316431
2.212586883310421
2.243622119857435
2.244197148804175
2.2503844008817757
2.2413670021427428
2.221170237053013
2.2604285859617717
2.2266132124014266
2.2583772834473104
2.2740866276717933
2.262884567401763
2.2621928566365552
2.251061088444551
2.2289239196157307
2.2782304294127
2.258525277753623
2.283756229228735
2.279811420360955
2.2707247524032548
2.2748564375495013
2.2860305070490106
2.264821009166444
2.2801457653885966
2.313886246517791
2.3261326960994273
2.3085853776679808
2.3182004198042514
2.327719043134483
2.296478152044225
2.3078251587329484
2.313126167871348
2.33086150716004
