2.604926224068186
0.8741938304832458
0.900917669953696
0.9105379202915729
0.9087694080031207
0.9020335211385608
0.9099875314881628
0.9044921783975691
0.9002155996232791
0.9129361079092815
0.891368242473818
0.9249849821966993
0.9126631336860566
0.9063972168379637
0.9529911295574084
0.8855689031941043
0.9296874870742828
0.9082757444367676
0.9185361461273005
0.9229851880838968
0.905478355855954
0.9026298456868165
0.8860629278827247
0.9125524347715539
0.8710812521879006
0.8788855298070588
0.8886933337640626
0.8748583284388471
0.8891407826691321
0.8849765344569344
0.8477127287268369
0.863030169706576
0.8805292763664945
0.9025579946403939
0.8781026239151327
0.8629586908686405
0.8791613181528916
0.8817997752251429
0.8850390634304143
0.8867905062017879
0.8891266308962676
0.8985389433352843
0.9012738177549947
0.8834539192186969
0.8895538527773993
