2.1286006846506482
0.9488142424049234
2.009216739587514
3.071698555907546
3.901523844445815
4.9843267273965335
6.065051287465138
7.131721930712824
7.984548305906358
9.014144885597254
10.100192879909606
10.997069290887751
12.025948593050014
13.102433277822445
13.965911770783999
15.044637374602887
16.087355390381965
16.967079240501025
18.012578727754622
19.041257311599487
20.128074078904156
20.99271168411903
22.051243278802506
23.11365657889625
24.001107899419452
25.057884249560157
26.12121319885953
27.025345994771698
28.049348696003005
29.095712196899587
29.975920466285952
31.02555473827308
32.07602829549939
32.98152204020993
34.042225923656375
35.107408104832245
36.14483014764974
37.03023676569675
38.09308439727887
39.142149138532176
40.01665122028628
41.07022833430067
42.127947173456214
42.99898373156183
44.068349375039496
