1.4777998596998456
0.32465170170121205
1.3908935499002317
2.4222721695606224
3.317423278087834
4.3905195897380525
5.430654714595222
6.323396073180129
7.378805807249786
8.443898281095136
9.332440970604084
10.374952993391044
11.425315604185815
12.280024711031766
13.376164220786926
14.432980061434476
15.308493934685938
16.35607800987221
17.415052350126125
18.479610682139658
19.35325989160713
20.424382629794163
21.49792239444359
22.3488198843289
23.411469103876353
24.47193942208988
25.362123157723563
26.43233220480428
27.46871838725522
28.338280921273295
29.401434813832818
30.497938046340312
31.551934075372923
32.43469068391328
33.4668684495612
34.51032548424143
35.40510681817132
36.45409208026087
37.54566818138014
38.421358619056846
39.46083699398201
40.52029559413646
41.413803734934014
42.424215402908494
43.5209866446544
