1.061887731555349
0.8890554003489305
1.1355642473890222
1.193684081943899
2.1110017665083487
3.1342848830261953
4.19993561968701
5.100766486639012
6.1553130611843025
7.1856162312209335
8.053835047169288
9.13797492060817
10.182780212627076
11.041749837953974
12.104905192466898
13.144252689720036
14.206544934270262
15.106473321895294
16.17227088231344
17.22556318406383
18.091722236212334
19.16956706155446
20.234829881400874
21.110908337631294
22.15384340767156
23.19100747096492
24.106819426392388
25.13301278009354
26.21243371743275
27.071929729806563
28.155411283299465
29.18282147507822
30.26586000404613
31.14900569622022
32.19178008655561
33.29529176864656
34.16777764303329
35.2210633709762
36.24795930050905
37.15892846607678
38.19926837359274
39.26810118381316
40.149210429216616
41.17490531097876
42.22337078617578
