1.3120156270582022
2.0199216660021944
2.0299326794612345
2.031123780188679
2.026451223348425
2.0537972306937546
2.06222216306976
2.048178336183877
2.0461457408029124
2.056999461907691
2.031187073712477
2.070011096809848
2.0462711468290644
2.02205530947758
2.024001610666688
2.0429592253435467
2.042555272890647
2.02123906163951
2.0285523536725703
2.029577707616465
2.0416852164716786
2.0715670802676756
2.023832563370961
2.0246293941325924
2.020514394184197
2.0297433937910556
2.0203685078525364
2.0210978052548443
2.033969662328335
2.005756702982627
2.0403086989956787
2.0030163971771877
2.0493200260095676
2.0134889600046915
2.0202102243318056
2.0638462690192285
2.036004662210505
2.0264114387037027
2.012695104885196
2.0259772736140906
2.0154019576099262
2.012046299469334
2.033977106883253
2.0245032701740424
2.0241827233144045
