8.044323778277914
9.049623035102046
10.0408509524508
11.039232074233341
38.29361503352196
37.281996376140526
36.296646923978265
35.292822488578565
34.29173585659675
33.302987171006926
32.29989410957472
31.304188671653428
30.299134847337687
29.296985430115846
28.300629785512008
27.29228642110635
26.31201872552734
25.31067963111186
24.29771480830875
23.307699138333753
22.298709427487807
21.312435876450735
20.30323195042639
19.30347471647464
18.306419466143947
17.318273325007674
16.3097471496846
15.30775935321373
14.322112050871873
13.313898653727112
12.308571440733242
11.309947342128932
10.310099574760192
9.31112060772448
8.313018119893377
7.312257150440567
6.3203796234777005
5.316792775859116
4.318936653683697
3.3167107773038684
2.307360945670833
1.319029020161483
44.95285980719292
0.6878097518212879
1.6854930042387102
2.67628014482337
3.6832637389195146
4.682969750068668
5.681257398446452
6.677225251744265
