67.51303558599788
66.55617987142467
65.52619056809374
64.52925368800881
113.85554695351884
112.83712055963383
111.84163387034285
110.85426508049459
109.82481670280363
108.84520592972777
107.81982239801839
106.85812342497736
105.80734536177195
104.84164223938765
103.82710707915
102.82797416620006
101.8440487786817
100.80078520310848
99.80943898574152
98.85512272485292
97.83664792106865
96.84539836287377
95.83147035436254
94.82330891480747
93.83456811397487
92.82474658825176
91.84391312271143
90.8359925787641
90.16152720101493
91.15354142736957
92.15327505952874
93.14221823814161
85.84079696999183
95.16139163211648
96.14745665661914
97.1493425552594
98.17270325563047
99.17717271697555
100.1746996238072
101.1733653004399
102.16424516545253
103.19905407295263
104.17602960719543
105.1672101153115
106.17906879455465
107.18054215487375
108.19453370969927
70.842811976213
110.18401899772036
111.14465805545088
