41.314641427965135
58.11437160814928
56.808675992705844
46.86937735218088
55.87340761708003
54.85219766615507
53.88858308320121
52.86445666383821
51.86782845208894
50.85367668732937
49.85478565725442
48.82338017142595
47.8490734814263
46.83612151825679
45.807899390340495
44.859659711060125
43.83346743732246
42.828527177291626
41.829296665745424
40.81590124526869
39.799795737005034
38.79670927412965
37.82024390081824
36.803943907962825
35.80311261923644
34.81776638876928
33.81404320642992
32.80276401425389
31.82676413423194
30.834031084480788
29.833438231413176
28.827864781573677
27.815673014564595
26.811271967448583
25.77544047805512
24.76360025643876
23.781173270264826
22.802175180584264
21.84033723141752
20.822683627092655
19.815358258044885
18.808324387796784
17.80306684456331
16.808609844953384
15.829255173935248
14.79967920764328
13.781253543419853
12.80443012786977
11.798493481619031
10.803905600469035
