67.15563651352088
66.152430560221
65.1585588163315
64.15682267560102
113.51302539647264
112.50570120436562
111.54209133669683
110.51567719659728
109.51797230088218
108.52794194999296
107.52449874551795
106.50889426802722
105.52913831598268
104.52528352137149
103.54118762572216
102.53339963408476
101.52118409363183
100.53951845060236
99.51079132998059
98.50700025100917
97.51612801989596
96.5324978694214
95.52161051056574
94.54477364111655
93.52697374933027
92.5273725364373
91.51625951358776
90.510372863303
89.50601194794507
88.51620688112351
87.52316567315283
86.52033009010823
85.50945334844613
84.51090501693677
83.5428148585247
82.5224094482005
81.52753456645208
80.50853308429146
79.52066513394668
78.52133443698636
77.51248517532112
76.55137885179934
75.50833820807237
74.53187083782224
73.54155224939107
72.53220227454263
71.53148429386044
70.52842616419133
69.53614446987378
68.5408715881452
