168.8251006367413
169.8005095921075
170.81131670294477
171.79922810292297
57.45115648526456
56.47408595595546
55.48853186121245
54.50552843275592
53.46362298602422
52.457869319372925
51.47152291497
50.49391029378229
49.47393949007259
48.476612481977895
47.48646443009653
46.489336115200906
45.47588915309471
44.493296402539734
43.49631080997438
42.4953250874687
41.47510501372578
40.50829346977514
39.49461870336423
38.49078062047574
37.494326766774606
36.490443058595226
35.50135440638978
34.48997408696938
33.50553108117364
32.49708115504017
31.502684470223986
30.504338690886726
29.51826670106649
28.508528136454963
27.505548558170226
26.50378261674202
25.510917551871277
24.504991125914977
23.50707298801467
22.52821420808677
21.517782573418916
20.529092995140285
19.52982962956512
18.525147279728902
17.541705595495593
16.54219082666202
15.51877454407031
14.525810342099842
13.52835145748753
12.541710985614058
