168.1637306335545
169.16948082522987
170.17768806619523
171.1597023093958
58.21218746378889
57.21330426253616
56.21552184211154
55.21556298113387
54.19941916709823
53.23203023004487
52.222299496713305
51.22920038704989
50.21030082020111
49.217086486532466
48.222163575766565
47.22530184226768
46.21818308302051
45.22988435650936
44.238708450502784
43.21739635609561
42.2224142358209
41.23928111642381
40.230454337234725
39.22032903177995
38.23801941891532
37.249087589729186
36.22052093363569
35.23312456255122
34.23464650489394
33.24288785917542
32.22608077616799
31.244248030342845
30.244436240718684
29.244583153002587
28.264147548936915
27.253673445096982
26.239383353285003
25.232670585607405
24.238714702726522
23.23737200040198
22.243410813744692
21.219833003434623
20.222968636730005
19.23572319571281
18.250431589880325
17.252580000486528
16.244077524303012
15.229763101005634
14.231696266539874
13.244940448279031
