47.28681358150116
44.474998702901324
48.03259935417167
46.94609941476083
111.43431564073657
110.43240889309553
109.43598589291328
108.39215992522351
107.42119577918766
106.38906681487597
105.37452770721345
104.39349728519856
103.36803730129543
102.35083597032985
101.36295664152179
100.37347281699968
99.36252818091508
98.35872310117459
97.37315503355757
96.37656846913362
95.36588942993708
94.37833792389809
93.35175744929941
92.36502550628084
91.34446572991818
90.36650385467452
89.38985277323808
88.37004344887379
87.32392603158235
86.35911725170298
85.35349963630429
84.35267229481363
83.35633684598375
82.37149294302004
81.36036153437878
80.3511712610964
79.35863351740676
78.3873746041546
77.35937436585724
76.36533765009565
75.38249867847946
74.3787488330872
73.3559254284661
72.37988330944938
71.39579955440523
70.38558442327543
69.39690610453928
68.38877737413807
67.38586681607816
66.37871180994023
