125.94962068297978
124.95888188344043
123.95593057144488
122.94715239147163
172.34225722955512
171.34775380779345
170.36803358610504
169.34587815560423
168.3688417722908
167.3704027566131
166.35854923626155
165.38276958149538
164.37495977924794
163.36144736626727
162.36853054779647
161.37825747774716
160.3673704957449
159.36807871544028
158.3813949715134
157.36267261148234
156.37265181787785
155.36517173511464
154.36387476224436
153.36515110982972
152.36612704992555
151.3805061921606
150.37323064017806
149.37340704210328
148.36577969021388
147.37575132509244
146.37836684729785
145.37855467857426
144.37929241234963
143.3839787086008
142.38676992033479
141.3801692166447
140.38337931235247
139.3971943830334
138.38811029396294
137.3902901461769
136.3908814531169
135.38910965554675
134.39128004214962
133.3846374047119
132.39032378537917
131.3924699993882
130.3887912823451
129.38157139065933
128.40005456817835
127.39659968772905
