76.82565161087656
64.36459244203914
72.13151001560635
80.24183416106348
10.504295750083097
11.493295506811242
167.51594352469294
13.518494787910653
14.499835843192352
15.48634539486713
16.48705483226389
17.452263352376132
18.445319343290592
19.415196917830816
20.42784195131555
21.427618431182562
22.400920088589135
23.40042832432784
24.39019982558849
25.40652003783811
26.396148898073406
27.397929768282825
28.379415188004966
150.63654123895103
149.59708353024527
148.61018347123786
147.6265997148585
33.36720015007422
145.62308273568576
35.359785612454345
36.34952659511102
37.359583421558824
38.35531821510268
39.3458626592696
40.3676723727796
41.34290896562918
42.340782166993655
43.333645166715456
44.33134648667918
45.34167600629893
46.34898347378602
47.348963889542055
131.66387355296806
49.35265096431882
50.348308096766374
128.65045071517318
52.320492462381665
53.337649190249905
54.32553435853401
55.287084706834044
