85.6908009137566
84.69983074721587
83.704169122977
82.71565653122353
48.332902018111284
49.348503516890254
50.332185551636236
51.33225796702325
52.32995072166478
53.31954740824194
54.330137186879476
55.331907754094935
56.3230575363672
57.32678948651954
58.33867440433273
59.33428196366662
60.334913141022376
61.335333279726655
62.3474131432813
63.332080693497524
64.32698005787165
65.33891750788177
66.32756456681744
67.33893510981649
68.32769438438407
69.3202008645606
70.3134316488353
71.31203965936682
72.31498366707604
73.31941923629235
74.3125511460574
75.32574624197237
76.34140239965878
77.31436044590998
78.3160962681873
79.3143962373054
80.31125478842443
81.30616027582136
82.32090787500333
83.31146406516658
84.31155668668555
85.31708886252437
86.30564712948652
87.32009297768107
88.31857220208559
89.30828644197334
90.32652574325975
91.30899065016229
92.30212392865394
93.3204418763467
