143.87746150412602
144.8960024277798
145.8854277637557
146.88545565180726
82.47655921484946
81.48171317178532
80.52563795572063
79.48828154447708
78.51071850287634
77.48164432247606
76.48427141729877
75.49416124213428
74.51461244789373
73.50964384733959
72.49613556204743
71.52391563951825
70.5304038019972
69.49445677241334
68.50635225063215
67.49776019897753
66.52984981665156
65.50563163695539
64.52602370526449
63.52543373739505
62.54157247185004
61.517014813676724
60.516421485723974
59.54378555623339
58.52256419347464
57.51907235689548
56.52030742998948
55.44487227985673
54.43468293711569
53.45477113607266
52.47282517384595
51.46457801327167
50.48890406685635
49.46828239869501
48.465812197503006
47.46142756787682
46.474392827869245
45.47259630957378
44.53644835941567
43.478315293426256
42.5066375893149
41.47098812808013
40.47998903538322
39.44989070627219
38.45217490963526
37.42719466640216
