144.1924343490597
143.21692355698087
142.23735355869923
141.22433167438498
10.306303796649017
9.304475549391727
8.311095694902134
7.319466899176373
6.3297224179079805
5.324027079077176
4.324711179510677
3.3232846000646026
2.3287472074587003
1.3098616445876377
0.28855447645078075
0.6957992204316058
1.6877370400994933
2.702845576815403
3.691914583427377
4.706576264453326
5.685481005596692
6.695323873106797
7.720383044484803
8.727640174127476
9.716034561643252
10.723306993077877
11.728567521764775
12.722902698875524
13.732058013740266
14.744141342699864
15.738786593891414
16.765561589031016
17.749726629993265
18.75443850788716
19.752005841978367
20.75316690952795
21.77150093177975
22.739271190844693
23.75606271715465
24.765739878531175
25.756519170583612
26.77725851586065
27.775369893713556
28.778938695425158
29.768155296461753
30.792664959890427
31.770750389433637
32.77549530411531
33.774986143289105
34.757987759294124
