49.702214896628014
70.67042612738908
53.58245489739174
57.47965687365125
81.66872085383515
80.69589523587294
79.69109382705506
78.67091253675117
77.64995761880087
76.8143832600975
75.82342223296892
74.85318722396197
73.88433619858202
72.89125727760808
71.82292250089783
70.85411947353809
69.80556002599477
68.81012546982389
67.83853849645612
66.87457952194488
65.84894943333592
64.83983109020208
63.873185753251256
62.82542127517864
61.85292523771529
60.78950139397632
59.838250585014954
58.82866731013207
57.84179422901425
56.8251392585407
55.80731877402439
54.86112687632678
53.84189663975778
52.863349603277186
51.81884436035318
50.80170155188531
49.84369140783151
48.80651632139199
47.81974134758216
46.81176731231822
45.78328353315935
44.809527441354895
43.81807132465692
42.801350268178005
41.80586825783664
40.80357940845024
39.814037274548724
38.82255864622426
37.794079525637414
36.78505266364153
