120.99691326447099
119.99288477053746
118.9940300963346
118.00781889414134
13.007130811138962
13.989222734532394
14.984683302751693
16.009151241442545
16.988793852360022
17.990745280491534
18.991093447373892
19.99122615185681
21.005436160594208
22.01288748351061
23.01382412792279
24.006963748114536
24.996631316254717
25.989254129166838
27.009089257127954
27.99760915640284
28.985526606901463
29.99609149216003
30.98510794975448
32.01787655972328
32.999239474149434
34.004299725383824
35.00920209658606
36.00216213615873
37.001314406579404
38.01319703751364
39.01032040424453
40.00720827063529
41.01867257417879
42.007959543528784
43.01441279261851
44.015459093838416
45.00162874406257
46.011755474810464
47.014965760134075
48.016680062189785
49.01261728632743
50.01393846416181
51.0114854194888
52.028559919335216
53.02644634288564
54.01616988421551
55.0145101049983
56.00167759566844
57.004624088202426
58.00342535429246
