167.39103060758922
168.385592405717
169.40194139757605
170.4030453913092
58.95667189261711
57.9509275947268
56.970164235792076
55.947178096997604
54.96816105978903
53.954426994300206
52.94907636716719
51.94798252936178
50.98002591304159
49.983314955282125
48.9752901661685
47.98402837064735
46.979913219436995
45.98055394058794
44.971760890921054
43.98898240858259
42.971185898373
41.96994078682356
40.997013086154816
39.97484956249571
38.96464282436667
38.008452914905476
36.9661909072658
35.97301745730671
34.98234034139328
33.973214946353934
32.95798992124886
31.95108092233537
30.944189399174252
29.96284608044929
28.960973107881344
27.954214825810475
26.97018777818029
25.981776744409256
24.996628427758967
23.996261974258825
22.974689136348843
21.985112322722216
20.972002736899817
19.970584458460372
18.964217016497532
17.969947610485697
16.980157000070516
15.979729035278645
14.980696532024307
13.968641823279025
