127.06981661541957
126.06814173066566
125.06172354129559
124.0535741127567
173.40104324044515
172.39563148830823
171.39724332343474
170.3835284895298
169.38618370712726
168.37460018383473
167.37197291473757
166.37515400347434
165.37643005977236
164.3721391161536
163.37163391116246
162.3695023889118
161.3711076951191
160.3768765175169
159.37145095005778
158.38076680501115
157.37589661706014
156.38313243276448
155.37337858276825
154.3618866213597
153.3750862775497
152.36202208440133
151.34307575224116
150.36382713536102
149.3700672359764
148.35268205516022
147.35928880529733
146.3582616702019
145.3614382592602
144.3559355544654
143.34704555081848
142.32913634172778
141.34427819524913
140.352484976983
139.34092935076475
138.3436391440123
137.33811901997092
136.34544022390574
135.3507854327308
134.33515469215948
133.3438852489356
132.34234364669723
131.33468898288086
130.34807656721344
129.3524611689624
128.32607091545648
