123.57092173685896
122.5758568062266
121.58715700846683
120.58193332330013
10.416523767967265
11.394308433936196
12.413414138874463
13.407239064904456
14.385700634945737
15.40270437647355
16.39423222191504
17.400535584883997
18.406154516791833
19.39748318641567
20.40156155087564
21.4171250897839
22.381776801693352
23.3932625662605
24.39644214494233
25.38943439037809
26.393804037335073
27.388050006879805
28.377612052169802
29.40908934689658
30.38636245173193
31.39481861360494
32.3788856048323
33.39086642227613
34.38987226746345
35.39781380467989
36.38634276541007
37.39943430447941
38.378156571401796
39.37976277827627
40.40037165564886
41.37880672334916
42.39471846160914
43.380829660032994
44.39575934802986
45.37620990743038
46.37877750541854
47.40321190595714
48.40970256547948
49.39345517577834
50.393851352628026
51.373134555863416
52.386615021965724
53.40526180765878
54.39473773026908
55.400424300807956
