127.32194183990914
126.3394400887871
125.32638595095119
124.33878534518348
173.7082917995368
172.71135755326094
171.71704438369056
170.70307970264435
169.69835081584566
168.7055550902911
167.72126439796494
166.70292269569018
165.72080097893118
164.7194288088696
163.71811894651847
162.70166792952114
161.70653894977315
160.71200401325564
159.72084545694506
158.71175167624315
157.70948201526647
156.7163184647525
155.70179015592112
154.7089805068493
153.7037833151531
152.70616147553002
151.70839131911762
150.6935871517755
149.70632061301652
148.706626531085
147.70480916994237
146.70185164561832
145.7067211849346
144.70838633235584
143.71695466799213
142.70698215958004
141.6852462645402
140.71278901680427
139.7207967598836
138.72140897203212
137.71561877850436
136.71036722352997
135.70486968355985
134.71576016113164
133.69711424387071
132.71098763316732
131.70918102775724
130.7032799000702
129.71809157109254
128.70537416067927
