167.79539653983704
168.82580875836305
169.78946793266365
170.79060264727545
58.61554328359491
57.58312998382698
56.58904543720798
55.62434143046279
54.62122491633122
53.61967389995407
52.63604454484458
51.63496956763847
50.63741490722052
49.64067639210673
48.59937606546064
47.6174238303831
46.609942753228715
45.59898557350735
44.61431313871823
43.62946743042428
42.622007563101796
41.6586404329086
40.62052817797235
39.615659980197144
38.61012646380949
37.61002619961731
36.6270819676194
35.606855602596845
34.63338736047717
33.611825898854335
32.58966031854284
31.6225064666092
30.62321604150759
29.610637242158276
28.636035851670673
27.610978392057415
26.614891573121305
25.617716093401032
24.622209059154052
23.60096228118228
22.61594684933602
21.599068942000407
20.612063038451403
19.615920238686943
18.625457459555165
17.632168394640026
16.627764870823345
15.617016497035955
14.635391348451764
13.606783924023901
