174.27898381567462
174.28840257751517
173.7019759830096
167.9751280078893
50.17866079744647
49.190221600744664
48.197248224950755
47.19141030777152
46.169699200074625
45.17441365163415
44.192234361646136
43.20424788903584
42.1795668451137
41.18198328670436
40.202139027205654
39.19435281338238
38.173334347748764
37.177117673977754
36.16186566804744
35.176932587776
34.19062664761121
33.175661168254486
32.18141631907052
31.18058366001373
30.15063626394944
29.143634845125646
28.174474839862103
27.166829834622682
26.178744293005842
25.182611087288493
24.161444127434173
23.15423830037311
22.174021965936788
21.178957152386047
20.181069000377004
19.181692405409496
18.16053624459142
17.176396386709808
16.177917918853506
15.15358811419345
14.159516700905835
13.136199322595743
12.161958692606603
11.173066762889293
10.183890349948278
9.195458714014213
8.162454915054084
7.178951300973703
6.150346864799593
5.161183079966939
