66.65538217608413
65.62852651597468
64.67167622500031
63.63185876827827
112.98731764185385
111.99780437520782
110.97840697665913
109.95146609607207
108.9685050913022
107.95766383652612
106.9498759173292
105.94494542882227
104.92547685577465
103.93885593823057
102.90740553798878
101.93374963045706
100.9581068563881
99.92380323177868
98.93213602441067
97.9536944996011
96.91407089102687
95.95443976106142
94.9256304307942
93.9361978225428
92.90547018870981
91.93215891479707
90.9429661925585
90.0767038114583
88.9680346257399
87.90786622263764
86.91255723678132
85.91865784531868
84.92932453267711
83.918819132523
82.91535521785285
81.89339318761537
80.91686075951762
79.90887691820869
78.92977077378119
77.88366367464025
76.92262336623978
75.90925421695157
74.88373402684526
73.8891938934022
72.89721360112577
71.91689632372048
70.87735529403797
69.86525164705772
68.91216989689426
67.89625517426553
