66.88700512050359
65.88615015831347
64.88030327639957
63.886707697100825
113.22228962569076
112.17603012922125
111.1980815576047
110.20275275877295
109.19851046668916
108.18003924565454
107.17727426499133
106.21392568677794
105.18604976915982
104.16692880527827
103.158639751315
102.18028562121836
101.17579692752558
100.17602224945679
99.17543734914439
98.19401912251071
97.1800244960642
96.19411188082888
95.19761020562272
94.19118594460676
93.19586266158689
92.18972875603215
91.18231120048686
90.18718493774404
89.19212214570196
88.21241876777914
87.18396740546898
86.15962510313885
85.15889398744461
84.15655697732414
83.16209649273976
82.1582135698934
81.16046878773642
80.1683459212648
79.1669181212517
78.17455868116646
77.16452605704367
76.14874953163708
75.18025326240705
74.17698418325672
73.18112941960983
72.17956783034424
71.14856842701724
70.13412048001929
69.19045363967308
68.15158620366455
