176.7403530834784
177.7464167210511
178.75371557760158
2.708323334961217
49.585742189762506
48.571340561672706
47.574635133452105
46.55710335280641
45.55399715489187
44.55600734832896
43.55810786468615
42.52579526647316
41.56850787670254
40.533323084551114
39.55122825717276
38.55543154989225
37.57015284097245
36.59905641888473
35.59156711137701
34.55638906195723
33.59152346059345
32.60467436065703
31.564058489345946
30.56603133997034
29.526969328843247
28.563244508415426
27.579201638898578
26.54774651228922
25.5654646255284
24.55204214049616
23.551029804187092
22.535468911207385
21.547647440322166
20.512575908260803
19.531455757844608
18.549807078833528
17.539938894110804
16.533381580123564
15.534286050562379
14.536153747926855
13.551890874499836
12.564403042840004
11.523085437465392
10.531171497821514
9.540810190093449
8.539305160137715
7.513391952805104
6.512774579496922
5.526135456180601
4.537927021052846
