7.673732582240153
8.674469844911668
9.675231135277993
10.672114774416785
38.66671104217351
37.66313117747499
36.66352682083068
35.66288535281423
34.66797950979586
33.66998983094542
32.66868812177874
31.67152690666642
30.669718606322846
29.67069123213083
28.678642761864424
27.67575534112831
26.674297982501837
25.681674733397028
24.67346899403773
23.674354987083028
22.67208196685716
21.671758056443448
20.67700456526357
19.66965880614493
18.673384348866055
17.66655534013839
16.663876953968643
15.67032549257258
14.672711552602264
13.667225829804963
12.665665687158999
11.674617991160158
10.661104345593861
9.67450824744034
8.662268938236073
7.668902688921632
6.67300291580147
5.6822647929433625
4.672298719270233
3.67636473167349
2.6719210164321536
1.6705329540560745
0.672522808194001
0.32548318849822594
1.3185768923847219
2.330381149006171
3.319978169347111
4.325174766085946
5.325703366643565
6.32367459053338
