142.77689246528388
143.80754829924444
144.78311646752041
145.76522238786282
83.52859434448368
82.54133727847059
81.5424720730935
80.57200594728306
79.54216465483809
78.56127813974388
77.57870320397268
76.55506315542961
75.5520532490954
74.57900608992576
73.59035837685124
72.57752520161017
71.60009652802744
70.57122504610491
69.59411344064601
68.59661283436655
67.58234535337864
66.59585774679674
65.59173915129234
64.57440424524052
63.60804100676328
62.57957876901604
61.596621677024096
60.59552917649713
59.5946634492922
58.61958348970988
57.610073066077135
56.63211768890574
55.598311221583806
54.61397927994832
53.62371013004452
52.63095083048729
51.63088567613035
50.65419613482787
49.623728548471554
48.637457964123854
47.6254052865839
46.622754520826135
45.63145202780787
44.625479682685665
43.64002358161036
42.623192316233286
41.63243061662297
40.63772096014552
39.62454421830197
38.63321243543252
