169.25126829793064
170.24841717132816
171.26372096223926
172.26331721729107
57.191995431296746
56.20467739617687
55.18478265909266
54.197256223748234
53.20253486787324
52.18479059566004
51.16346019212603
50.17922552646004
49.17558568406429
48.19042550321468
47.188504947527626
46.19620473168652
45.17612570847903
44.188168609673205
43.20310131471938
42.17681750830211
41.198414685798866
40.197468797367314
39.21028965804564
38.179828075187295
37.1916486463263
36.198929092461306
35.18860486519893
34.197636733968295
33.20219031521511
32.19498809517015
31.190412623532723
30.193080896788462
29.17334987759188
28.17629824478246
27.162210843676014
26.192383533332166
25.196258744510573
24.17377521390291
23.180449773449094
22.191972968902025
21.19991874906889
20.169641060964796
19.174650731266365
18.164312836179384
17.170725048134784
16.187320544128216
15.207447567660846
14.179054117965427
13.176807031520585
12.182536649443458
