123.56594907645537
122.57884021696948
121.57077847328107
120.55680759997084
10.41039495127074
11.397007141404915
12.40331552111011
13.395585344836176
14.38249357152137
15.399843154857948
16.378117736668262
17.393483638995868
18.378278897589574
19.388705570809503
20.385635464246253
21.38963624961884
22.395427066811656
23.37880656936018
24.364962876974623
25.386019256097008
26.377904172963245
27.385024183621113
28.385484526277196
29.372060453737326
30.37716267425743
31.37212112446043
32.37679552638244
33.37862835910056
34.39487543646506
35.360656362245045
36.377757754744465
37.373429007699634
38.37038825413256
39.383117840008886
40.374343724519235
41.359946945454055
42.3557154792151
43.341712554036995
44.359045210246904
45.36282037124635
46.35601395944011
47.371883456747426
48.3566389247629
49.35478457268801
50.367104949355635
51.352306834240416
52.348042660285834
53.37674978288374
54.34904534511694
55.351390596754285
