104.33492202580896
103.3774284949969
102.33974558686323
101.33261071217112
29.595787176728106
30.644466033881624
31.630441732007263
32.58164161833652
33.61758112316034
34.59870626583261
35.616815209223226
36.6106942109337
37.551990899242384
38.61200910893309
39.57529243979838
40.577316290117906
41.575539227001755
42.61280657978307
43.59240324363236
44.559503619759155
45.57501576532798
46.56526066290221
47.5383467095382
48.58697980911987
49.55291703480302
50.60218931089105
51.57802757015132
52.561564437100536
53.58188275316636
54.57485556105008
55.537658554071285
56.53909781541746
57.56133102564274
58.54135399013179
59.549820622489776
60.552935258408375
61.564632557630354
62.520888212100616
63.56938477840645
64.54875370013224
65.57092429276534
66.54129974454884
67.58065741443572
68.59108831232311
69.56811893605932
70.5991571829635
71.56692414515636
72.54250071205853
73.58062886797194
74.58275202791924
