144.1940193590349
143.1807531974032
142.20694763001944
141.2270146711267
10.3089459053649
9.291828894405745
8.274631300409107
7.307780692405014
6.296983161479521
5.2764715505191075
4.296844135343538
3.2664316063287893
2.286811753835667
1.2654156282279387
0.29137576709154467
0.7265054231416046
1.7282310020196436
2.724467011077145
3.73058400242064
4.738652753234464
5.72729822252673
6.723299634230533
7.735345204266059
8.731405480652876
9.741603896557763
10.734009345116501
11.71472644700118
12.72604785022892
13.728967489802324
14.72137041291046
15.745856780545315
16.740243521685613
17.76333573679541
18.735780445386894
19.758829795618205
20.74663138601719
21.740856489411698
22.74515013157006
23.74223896762078
24.76577351706782
25.74096575825061
26.748988060737922
27.768072520854385
28.763914514517097
29.775835377335532
30.843884146225868
31.72790640604726
32.70758944676824
33.65619592233497
34.70979839436462
