175.83572610282877
175.61930209471927
174.80170674131736
167.68053022349162
147.5283661103466
49.547015580299174
48.490574580868184
150.53123538809453
151.52035168152878
152.54334715339732
44.545522921941014
43.5229394902932
155.5772709807222
41.50206513676955
40.53386205426479
39.57261994446716
159.5155652476553
160.53050924825155
161.54494393707338
162.54221655818745
34.53180323211918
33.5484217255344
32.546614038687935
31.52374561069314
30.501759121334302
29.54209405044148
28.540767644415038
170.54382385010658
26.520240640175487
25.52796947352578
24.506340936690783
23.53997094661394
22.54044039936926
21.543108237418735
20.52245759626224
19.514422577903744
18.52681197410896
17.526385599790895
16.53148255620224
15.523130356867496
14.500312004256307
174.2451117875811
173.68587710818053
172.95137968178082
10.484333243289873
171.0985675300816
8.494598375036754
169.40203706136992
168.4152355571718
5.474033382372759
