84.29538553801444
83.31717715321992
87.69469793681598
84.7638289699928
48.3611919484862
49.36389100488587
50.36897815493112
51.35199276338261
52.34015572333464
53.351039345006676
54.33499395979826
55.33033293455026
56.34606998732298
57.336012873003625
58.34090354554342
59.33020459356863
60.329301788463916
61.33265747312802
62.314705094486925
63.31657080352728
64.31794253751377
65.31062390405228
66.32684551694855
67.32528962087468
68.30934524060146
69.31820027326908
70.31677781452959
71.31794098027761
72.30935735203131
73.31594710365799
74.31583985286423
75.30368177960369
76.3110374458042
77.32006139678072
78.31541564633433
79.30928339104236
80.3061228787033
81.31223231828716
82.3017487692582
83.30390983664985
84.31522389587788
85.29692203010407
86.30425613044162
87.30144638962135
88.296276495703
89.29554920477322
90.29210838808123
91.30013727075878
92.3035392000176
93.2909271331888
