166.6902634413207
167.66635513804744
168.68246497904968
169.67257745686598
59.725561041068175
58.70778397643228
57.7230988427285
56.68548388175515
55.70046493138988
54.705391063301995
53.72575801369769
52.722976418086645
51.709539669317714
50.72616245314082
49.68806837587475
48.694549124875344
47.71797585121743
46.70417071458301
45.71832804970366
44.71544395864279
43.72368864149929
42.725199139942376
41.72340512813239
40.71902759296751
39.72910657272845
38.72164073642581
37.722423307252484
36.720237185274755
35.71727673434458
34.71742715496283
33.71538080943263
32.726159916360515
31.704372906254708
30.721096302247457
29.71847157774758
28.7340677701185
27.707770357791635
26.701789095785532
25.689276620713475
24.73411653160569
23.697619165420587
22.684770522805973
21.737867446964717
20.732816600270485
19.710733571478592
18.728283810026745
17.71692701867034
16.715339859089347
15.720908592455096
14.741498896203314
