168.19254142841552
169.16757496651815
170.01488175138618
170.85077009231162
57.940758322373725
56.905942691028415
55.91433602224299
54.92946500521841
53.9339288322772
52.93721268214581
51.91124279677819
50.92391424548373
49.915380105686815
48.9241564155678
47.92385341587047
46.917111821588186
45.88839747488161
44.89697041081501
43.88420057380524
42.87227523575417
41.882903858066605
40.89978822066104
39.889927387007276
38.90494075402762
37.88162337719282
36.89397895216997
35.888086685227925
34.85783040928294
33.87910721121639
32.8759974413461
31.863802057467325
30.87859346277911
29.876913694194716
28.872082929251707
27.86404178847919
26.873480687062745
25.879405390874016
24.896379391971788
23.8704310443425
22.877993934766256
21.878458499279375
20.86627283966112
19.876516470440162
18.87693772294844
17.905367740066648
16.877255011623816
15.877331391052822
14.885643438583141
13.860106387261869
12.888670561404325
