144.19652866367534
143.19170339899085
142.21456792459807
141.20394874097266
10.22716616399999
9.245997362404324
8.23983437956391
7.237892350266668
6.242011927118958
5.242538029281543
4.257250881271744
3.2328080742576346
2.213485913942394
1.2172466847225814
0.23935535112294745
179.1740869354553
1.7987187524604251
2.7897032080300685
3.7888897720599544
4.791111453920953
5.780221399988605
6.793760954303162
7.7811875674007185
8.801635511372346
9.794677899338456
10.803652089665206
11.792127759834797
12.79822325534944
13.76938968074048
14.785281204020349
15.783808466406853
16.8030519614281
17.777760615498416
18.811936481095955
19.828769740130845
20.821650047342395
21.809517328463272
22.812804392426642
23.819994314739116
24.821860460298105
25.831880823150836
26.81920015314117
27.811275285643376
28.816870480394265
29.80264521935594
30.800999528604883
31.796097452370887
32.79764215139822
33.80138556501139
34.78673539768045
