144.40597545520816
143.3969986326646
142.39477733318066
141.43523483978177
10.453822082571861
9.454939327526645
8.453320908066642
7.471032258810616
6.4432901821703075
5.445390157123853
4.45550603946122
3.4475653697079434
2.44792108526353
1.435515423705588
0.4585478570352151
0.5385225000211562
1.5420598907655712
2.5315037592521716
3.5568021212891066
4.537897881435331
5.556858458793675
6.565539872312447
7.552519122271651
8.564516314242287
9.566127542341505
10.552081741049426
11.564658216512843
12.56084388869232
13.564215649463035
14.562181576929238
15.551099480144968
16.5662383809281
17.578782237744846
18.561724877050143
19.578181949059424
20.56085052632497
21.58162536403442
22.57909886644087
23.578270040006707
24.56539046149954
25.57168560067564
26.566615813849523
27.54003153677905
28.575366900467344
29.564579200516174
30.56301885015205
31.55822849802557
32.5752202853808
33.5730926696158
34.574371970227624
