85.69909516592033
84.69569611729591
83.70809702724203
82.70037365580414
48.312473034668045
49.320913524986366
50.31244287424503
51.308462413589204
52.3226491110773
53.31841657491363
54.304264771755165
55.306868459552184
56.307488184891476
57.31707570324371
58.307651991057945
59.31518363005179
60.31486747330218
61.309071775566025
62.30863788160566
63.3085846544557
64.31551556778899
65.3134849592598
66.30634457585195
67.30882402527787
68.30225431318947
69.31044733341554
70.31105901695727
71.29589252033178
72.30265474046895
73.30534242105499
74.31127480365396
75.29720221294868
76.31512674010483
77.30986788268542
78.30502410013432
79.30502703686722
80.3218348857616
81.31113933721427
82.32096901585774
83.33792856073954
84.32649552869427
85.34240577282652
86.33510016977061
87.3260254140801
88.33612549118618
89.3428930382642
90.32848870362591
91.34479336695183
92.33954948935362
93.35291640291332
