144.4065843190313
143.40385239122736
142.39278875268664
141.39912222450263
10.49059796709074
9.478113119536578
8.445432369407163
7.451904785172852
6.440468454745778
5.471546107497531
4.439248391523566
3.43818938351381
2.440166794962286
1.4664910588701234
0.4544713797394701
0.5341491474782367
1.5438295450654222
2.5354145196547186
3.5298765268975463
4.551733840510476
5.517862997578563
6.540975990017978
7.546568182600111
8.518040505156465
9.556390980531026
10.546554760713043
11.534900776812064
12.529335988985798
13.537973170967168
14.528407877908288
15.523896596524631
16.528260376887875
17.53319607279056
18.54034406512761
19.533336618582346
20.566445512521316
21.586060051971284
22.574440296679178
23.53612384554617
24.52540535587234
25.574121991822842
26.58073741650194
27.586836000522286
28.59078043568858
29.5724868561318
30.578803348407778
31.59265768801604
32.60267706317645
33.61277264442039
34.59358167047093
