123.62785289751758
122.63076552733695
121.62178129832826
120.61149568477695
10.41550420810431
11.412496702773181
12.398852542944066
13.412411842834603
14.399700949790253
15.406113016692078
16.41654828463182
17.398568979579217
18.411130702070448
19.435197475064143
20.407113562014803
21.40672131551768
22.426211124597906
23.404203151923994
24.427234879325265
25.412410076219277
26.42562232894599
27.42651394444863
28.40507546760052
29.400262055110705
30.41473055693758
31.40155949262213
32.40735052868973
33.38740624932681
34.39871016259775
35.40274095718511
36.40563718937494
37.404817571242084
38.398725008514724
39.4009378165804
40.414483014167935
41.413537333778216
42.39219312171128
43.38895445508098
44.40259009907763
45.39938491252964
46.40630197802781
47.393821010646725
48.39951360495603
49.41145299872044
50.39720481205526
51.39862648180224
52.39599630728437
53.39130548658125
54.40897065635103
55.40261280220142
