66.08840446694762
65.12132231573592
64.119424377493
63.083282729258265
112.4511152142017
111.45199409313592
110.44698293695792
109.47746295845145
108.47643297531891
107.50047875535937
106.5087735886146
105.52004376378815
104.53842624148507
103.55648582199413
102.5574747899871
101.56527446753209
100.55527765203664
99.56064363313538
98.59253733097795
97.55729925712241
96.57918390975131
95.6119331816654
94.58699549487724
93.56993265018805
92.57866274839091
91.5816994788946
90.58787462221119
89.59716202708168
88.59651595330774
87.60429283029667
86.57988944135523
85.60133916284919
84.61551120577096
83.61300558628815
82.62108524841399
81.59397529383368
80.59680935790976
79.62003833398182
78.63277698966081
77.65192269239321
76.64200353545912
75.63289936298183
74.64196721314269
73.6504492954425
72.63581614796924
71.64084727323815
70.63923704411725
69.65693376981518
68.62887893209644
67.64775752131327
