166.7825434740348
167.760562235205
168.81517400984612
169.6043225962634
59.34888715500028
58.33361942053654
57.353078429174296
56.34117170164519
55.336132806226665
54.339040383748234
53.358234459283864
52.35233277251095
51.35155063127102
50.37126492129307
49.34424129023459
48.34794190409144
47.353494292937064
46.33860224331594
45.345974934391826
44.350780823207444
43.345519392280565
42.34149408440621
41.35137478108084
40.34384325067589
39.351136099263215
38.33245486525112
37.34376875846217
36.3627955115857
35.33434944639041
34.337535171178466
33.35557376141331
32.3577948846172
31.352297788849288
30.34305779859768
29.349893485052952
28.335620354574047
27.32954394294979
26.360509963886084
25.34329228995509
24.35272094590376
23.34740762674242
22.33810746800911
21.355064012178058
20.33593430694427
19.343385702849645
18.349791072982057
17.35231984520778
16.358671067922845
15.368060779646944
14.347563163956696
