70.31678800946388
50.88995711025174
47.8717348055922
48.76811145850779
38.007746085494375
37.00284652091653
35.99704433870486
34.99986421409509
34.009717951259596
33.01367657216095
32.015728020873794
30.987230349185072
29.98351222227063
29.00094563271707
28.01051546737824
27.001545706222057
26.004816427116637
25.0063367673599
23.981625009461133
22.98488313827613
21.989917049743283
20.99642353812987
19.975663600296933
18.988720639060116
17.99389318607946
16.9934490733779
15.997362912190674
15.002975188838171
14.012885834188884
12.989933440232095
11.995946616246137
11.004881667224712
9.99064587019599
8.999602962951734
8.006560138799848
7.006954066586027
5.9952942110524035
4.994291216085546
3.99539605876196
2.991241585699346
1.9936179232026143
1.0017507226691205
0.1649515289571746
1.0404696999485916
2.026562471223192
3.035629487546772
4.037477927352954
5.035903281685681
6.046479377675184
7.051112633476914
