123.73179491286596
122.7408428159973
121.74881730149286
120.74578297864396
10.458487222567726
11.466098701159625
12.457053844037333
13.465438987834245
14.448018023268295
15.46037473837964
16.466571879942116
17.434445187704974
18.457764670359644
19.446725363100725
20.4574528533199
21.454255989446875
22.460797671395213
23.444323749605434
24.463027831149503
25.446378145097114
26.448078826904297
27.449966618312985
28.44545090792811
29.449220376765755
30.433049054099147
31.448512580624254
32.43613390995595
33.43607334979221
34.43288865170523
35.43431632086543
36.4494693856668
37.4451300385333
38.448267096005154
39.45182276895662
40.44951773879714
41.456288144711934
42.43042552445359
43.43980519061367
44.42533637469876
45.42770982575012
46.434001512010084
47.42385226517933
48.43473575901978
49.41454856582892
50.419880001618736
51.41796605059779
52.42939404180798
53.43076207025785
54.41424113613678
55.414261539885274
