104.42359372010921
103.38867493879123
102.43081989211463
101.44821801791633
29.52975570836581
30.602944522743535
31.55756059773973
32.56564214895084
33.58743376785593
34.564292585721645
35.596769872206465
36.58170445689442
37.566795676154086
38.58388929796168
39.5321888885494
40.521399637485366
41.588303588209655
42.538641322699426
43.56215597613468
44.577932943320214
45.530421226807725
46.55313040206952
47.57280643157293
48.5146439332
49.560885225702734
50.53831776057908
51.522696419863045
52.54871780073794
53.56015531090995
54.545739105884294
55.525622455289366
56.52711904363913
57.56423112724156
58.584462608969424
59.54892995752293
60.55266361568929
61.5353593031416
62.531992801845306
63.582146474547905
64.57501251276076
65.54943080276576
66.55418851274125
67.509408834042
68.55976561137224
69.54058527588579
70.56370945440172
71.57978455130626
72.52108800564285
73.52993333656487
74.55648118971827
