108.42894820352458
107.40827889991226
106.37965303262916
105.37407768670906
154.43626188821617
153.42983753583474
15.0078224898798
16.009830605195837
17.001974842991377
18.006329028940094
19.003054815910563
20.01202804443707
20.996775232794942
21.98930727415736
22.98924093441416
23.994809223911837
25.003991457538937
25.997949725463954
26.994912628381638
28.006587804094195
28.991215746136085
29.99736374328754
30.985038490941694
31.98807743028941
32.995989223998755
34.00503564233374
34.989387814005944
36.00556167445773
37.00296107045995
38.02042790425119
39.020687776694345
40.012455919289266
41.0196467143653
41.996706866579395
43.00249580665136
43.99611191301284
45.00644609801883
46.0171004686193
47.01442196421357
47.9983017222878
49.01562525920059
50.00504500013393
51.029298194686326
52.02477596691597
53.020749668601525
54.022704665260775
55.024091487452004
56.00235460316559
57.02700908821739
58.0159581554048
