79.3372208508617
73.13082663861762
77.34581136987786
29.341658037184967
10.375904579395087
9.359728888029535
8.38062221191515
7.342156544537355
6.349235141881743
5.322888370725831
4.336018902288566
3.329868505338376
2.3108090276898925
1.3156771695953124
0.3100855942962536
179.2810347843313
1.675852076152398
177.27268112045564
3.7015728630163345
4.706534071479881
5.706960340303338
6.722075326249317
172.26557877503237
8.732992762174844
9.72870829559787
10.731368369664722
11.734538709299043
12.749381759422727
13.75287854944702
165.2325465728146
15.741826100554972
16.755809342715267
162.21867694711707
18.76514910926602
160.20330804727303
159.18339827772522
21.765147808031532
22.75885633459439
23.761445355381564
24.777669494380056
25.76927613950317
26.791083766930058
27.78970031477725
28.768761145949224
150.19671831010922
30.763582258650047
31.783705945510626
147.1914209036118
33.78702935299729
34.75603577043349
