126.37733517290951
125.37772661641226
124.39440018332189
123.3895365079987
172.18304327805828
171.4678763594395
170.4963128114211
169.7122945117322
168.73757655363457
167.70670954194063
166.72684887047845
165.7184251373385
164.72414216813297
163.73297655070309
162.7329898400217
161.7311090270515
160.69797139537738
159.70515876433882
158.7247425046719
157.70749679879452
156.6998485175453
155.71375873969583
154.7135905291512
153.70166224776338
152.71771961897414
151.70661516831248
150.7086036925657
149.71744636510974
148.72055732191617
147.71871048186082
146.72357635910458
145.71136483605918
144.71648214304926
143.71336741757708
142.70800105008016
141.70633693267888
140.71153380601692
139.72325695683267
138.71440112734922
137.71278116138356
136.7201711209057
135.72039840068436
134.71788774697558
133.70879888220844
132.70650709036724
131.72289534698623
130.7206281434203
129.71577081492197
128.72933069061764
127.71144230400603
