123.5952626392343
122.58369835384069
121.60451805206127
120.5889024974144
10.400320776796011
11.401908668764978
12.396392677269894
13.405559551023172
14.416726667066932
15.414824430770395
16.38189256564336
17.396271791047756
18.410102815933648
19.414082728934698
20.402973173600905
21.41555430252232
22.39663899039313
23.4048214867093
24.398224648262588
25.41217838448219
26.411324816954693
27.410636196901798
28.403720719696643
29.404168847081934
30.41064685428111
31.410408429976748
32.390931549801834
33.41310313435362
34.40796812705366
35.391970598815334
36.40904946559888
37.40772627081416
38.40803668521363
39.41031206197839
40.414915041309364
41.400524218518
42.40283245384994
43.39343793192133
44.399874883207474
45.40863915414484
46.389315153258764
47.39510511489168
48.378289890159834
49.399620220836596
50.39244703856043
51.39777292831905
52.37958212364889
53.399403572213174
54.39292168325475
55.4120907680046
