40.766035194785246
42.299669842168264
51.801721813596814
47.29353366187527
83.42866611889778
84.40876477174758
85.418724824269
86.44007186018779
87.43136365665386
88.42743364580835
89.4446352277958
90.42377368489221
91.42250355638579
92.4445264934332
93.41973074268421
94.42106937220727
95.40657630202563
96.40254330622865
97.40509928270666
98.38453131595033
99.4019307029536
100.39815585910011
101.38382237858058
102.36140704126142
103.38662977447584
104.37711467421339
105.39114799913187
106.40929201612478
107.42834618372639
108.41346563925629
109.40928046570006
110.43307260282637
111.42405501619369
112.42245705654553
113.41812779068103
114.40466017132063
115.41129223124855
116.40900373533124
117.41150061898387
118.39937655898953
119.37885538259468
120.3952576155776
121.39849071508046
122.39125908942451
123.37377066312887
124.39033953111071
125.37465830714001
126.37998201639827
127.37725063726897
128.3662298234355
