49.44509102135061
63.782142096955944
55.68122629801222
33.47496727678485
29.66298340078956
30.620308597160466
31.650167211791516
32.67622418264077
33.718696095485754
34.71985627004055
35.695712874158986
36.740953446470606
37.76469541290926
38.74469523766319
39.778083044667525
40.77818823180432
41.77826643291974
42.747984411601436
43.75177262514149
44.761328830175245
45.745797276729974
46.763048839813194
47.8015358595721
48.78669557611561
130.1961268598401
50.816340321865816
51.84870110607495
52.82664776037881
53.8412356115835
54.77984185660129
55.83686354741001
56.8187396066548
57.87660885294767
58.83052448659204
59.851383475463244
60.87119190977546
61.860897428169125
62.85801306821572
63.85970862553098
64.87965921237945
65.85361009384637
66.91310662960134
67.87987736549269
68.87537698709389
69.89226358988131
109.11758917673582
71.8662515695089
72.87948851344936
73.87992875571693
74.88673372123637
