48.05032700242072
54.65339897947616
42.00107966241373
52.71058408116721
49.61831603697511
48.60709652292668
47.59628172402438
46.56262380866691
45.580865682179315
44.571337676154265
43.545467543565245
42.53188967440103
41.51519885057803
40.54615051884446
39.50532218400448
38.48555481877591
37.46904490817592
36.48295936362906
35.48116267092109
34.45670591264057
33.444513798866886
32.41417816340027
31.45354612509431
30.435502140994018
29.452818698380202
28.423775132129833
27.416216569172413
26.40886459248236
25.433632666344987
24.406409068476716
23.36924520080064
22.366188660118436
21.341494890680924
20.363477727584318
160.629755903183
18.343871482376287
17.373866228706092
16.36207428863276
15.33652726550603
14.32101897609613
13.320591815888067
12.30832714670495
11.314545424771618
10.281791730464375
9.287117359049223
8.287894676601036
7.273178671334754
6.237293618950542
5.250947222223687
4.2258712147294695
