75.75670401121798
77.53654241970379
63.77056424422427
48.8230749556508
56.617568110729664
124.38642084715623
54.61800049742766
53.61572696953938
52.622766573908535
51.620117064073064
50.60537384604054
130.37244084554544
48.623799861314446
47.617118226137556
46.61511148028108
45.6256108856311
44.65003755782854
43.640142878853766
42.63952529140119
138.3856180230441
40.639126066257994
39.634205726138056
38.64434592289786
37.64445031471868
36.65728847575348
35.670635716968505
34.655538791744405
33.64884595556951
32.689769065887376
31.65229011929365
30.68594583645069
29.658689276303253
28.665600619157605
27.68716881926962
26.695954052791773
25.699642931144748
24.708209740561145
23.705612778326074
22.727462140590042
21.728471706389797
20.73997727834953
19.703087924746907
18.729735851110142
17.755152928300742
16.749362663552475
15.754057292917073
14.761806233003659
13.74509101412049
12.784353233538853
11.778087429803326
