126.71558130716996
125.71101629436127
124.70559755451573
123.71816948479449
172.63400952910905
171.67326795376545
170.74183745122517
169.7723998313668
168.7923778451236
167.8144920480598
166.83501079259136
165.85457029321628
164.93826975827054
163.9468373972768
162.94340494630836
162.00794901245735
161.01799930476054
160.01893867816582
159.0361392425221
158.02298135143562
157.03463705934598
156.05533644342253
155.05257911904917
154.06998022246455
153.0572413591832
152.0648551322854
151.05748490763742
150.0672410973532
149.04411650278928
148.0560655494081
147.07625969265857
146.07692985475686
145.05743998077278
144.06062536801423
143.05771821984936
142.0510428133294
141.06265740058848
140.05896512961988
139.05712956740044
138.08207252851187
137.07440628763976
136.0669515502043
135.07011373592408
134.0610451047603
133.06141666387865
132.07711801759572
131.06825996981803
130.08419829515796
129.0830778151812
128.0695845150184
