143.59783108441204
144.7302746343149
145.69992589981945
146.72825747071718
82.60466147548685
81.59054236683322
80.63600719589289
79.62331779315035
78.62142404871123
77.63761525308296
76.62792519031716
75.63647513925788
74.64126536254555
73.64611759254517
72.62421846692067
71.64875958846513
70.64588444652591
69.63881707905368
68.65632146781718
67.6529911250156
66.6491525272757
65.6391766306633
64.6666461784248
63.6826182410784
62.68862900146659
61.66373971375163
60.66315047431001
59.656406548773965
58.680871155557874
57.643663301861395
56.64087725128544
55.64558846419009
54.630201155744324
53.64721685640085
52.65712855751248
51.654396498255466
50.673735524063574
49.69635597067487
48.67648818166241
47.64678616810657
46.81466880005608
45.804095665092525
44.81013309742434
43.8119584610845
42.8233125060745
41.84659178718418
40.78436430270307
39.809743228960485
38.87134275418705
37.867366773926825
