104.47691379010708
103.47947308734575
102.4352683515144
101.49920232136235
29.50488193165328
30.52371751227896
31.49991528843957
32.51178674665084
33.49634620358904
34.5114779084513
35.51106109350661
36.48026101913386
37.4911312336556
38.507056931490254
39.5295225470383
40.50828648519275
41.52491645749212
42.54000764395611
43.51035227903617
44.47914680471877
45.47337503179511
46.466610401927475
47.508255185947775
48.49077820741836
49.50941754637242
50.5118286940871
51.48442334886786
52.4810889806525
53.49347796317884
54.46710718667665
55.497918176831696
56.5289611889356
57.53891336966845
58.48965973363601
59.50388516640417
60.52484625964273
61.4652500916231
62.50551059704694
63.48471453501846
64.52060926244792
65.50175229623378
66.51159623989084
67.51588222402151
68.50750315946496
69.49978795518942
70.50490340441215
71.52446184588835
72.50285061724439
73.5226078757644
74.52917060631728
