143.13378232278473
144.1363953128177
145.15376443618968
146.2027171347075
83.14884093488064
82.1157560826658
81.14134849106419
80.19050806639893
79.18621392500371
78.2119135099538
77.19754289376858
76.20341004006357
75.21551183156406
74.19513713694
73.20946021699119
72.2118346852908
71.19647433838526
70.21756779938622
69.20026931709104
68.22450927083815
67.22545765222706
66.19906747381152
65.24154998404971
64.23673584864778
63.21394248760727
62.217485134279386
61.246084797707546
60.24270303238965
59.22183867111671
58.25406938627183
57.224747728004075
56.25870776936748
55.25527837697865
54.23765914340231
53.23081581452669
52.24416397818958
51.24936669902262
50.23611625873925
49.236933638704556
48.249450251666296
47.24947609982668
46.2494172937519
45.23353761404954
44.25073301755038
43.23400399823205
42.247839784540155
41.23312711186386
40.25398431342403
39.239143481543685
38.240963945858475
