144.21288114055824
145.23663600756964
146.24497315613996
147.25146587356585
82.02274500160645
80.99587561102305
80.01966294623466
79.04570243093342
78.00366142666176
77.04721837817459
76.01118920852156
75.02953119167012
74.03438016220024
73.05503560085346
72.01389572002037
71.03553859322427
70.01971238066113
69.01572327214764
68.0723801407534
67.02870911296735
66.05099686176119
65.04976286490205
64.04288280318625
63.06862009795364
62.03816933253642
61.05682169488734
60.07305635875006
59.03089501954261
58.08009529286613
57.0563734611932
56.09148794801673
55.05107735111522
54.060244198221305
53.09650718416204
52.06620347299154
51.10863275779101
50.07582250180589
49.070661593794235
48.16041985794442
47.104545581222006
46.11651352589746
45.11915859335137
44.10243615572838
43.12437132622934
42.106690157876876
41.13705569498914
40.109177162212596
39.11191273881669
38.12428633675391
37.09338211804219
