50.590868234663596
49.57223823271751
48.54888706178689
47.56456976121763
83.5488020744267
84.55031911024258
85.57498722366354
86.55152819357004
87.53332928427672
88.53537492623167
89.54387092569404
90.50980210131121
91.5283878311893
92.52899890069395
93.53953157385247
94.52777777926366
95.51509911722724
96.49571621871789
97.48923405164739
98.50655208888789
99.50516989677797
100.50786851143006
101.52635257938532
102.49027034624459
103.46960397650722
104.50459942581914
105.47445507292028
106.47182565448001
107.46276998508948
108.4491897781342
109.45433010181544
110.47516718637982
111.44877395039083
112.45982245151389
113.43806802394329
114.41501798558298
115.42645718884512
116.47573896270153
117.41586098207655
118.41214426201148
119.41075411034556
120.3687206110973
121.35392488989488
122.3848730848025
123.41078336897824
124.37971181891672
125.37523305237278
126.38002888345433
127.38287208449063
128.4125569724497
