112.1841025783646
113.1380069878865
114.16987938552904
115.17949965065365
114.24012275380046
113.23621025810677
112.23217975522661
111.25485261036805
110.25002546982674
109.21993297670564
108.25349002417626
107.24100992910552
106.24313791769082
105.2496602088642
104.24435079005116
103.22843652751766
102.20999653285888
101.25328445922845
100.23932283936725
99.2285656270638
98.23231797909517
97.22200468140352
96.20356102755868
95.22648710496124
94.20822569715008
93.23449398747084
92.22982520184186
91.25339477281746
89.75767204739098
89.23526175729792
88.25387446086128
87.24444686967207
86.20844100803791
85.21393161505205
84.20443513948871
83.24404655623074
82.22831134776065
81.22713017229114
80.21878969018336
79.21346442543916
78.21396143935931
77.23186518349794
76.22499743038493
75.20350247666849
74.19894350541838
73.20784027178068
72.21955935479463
71.19336924826258
70.19146655491734
69.23781038865751
