104.15627768023035
103.10783292279568
102.07392563094604
101.10934095506836
29.671748302412503
30.652684528831518
31.661244715356514
32.676286162891266
33.67650820648504
34.677252728702385
35.657652185948905
36.68165092531759
37.68126793716801
38.70238208242004
39.68583668471106
40.65671819175299
41.68158667464332
42.70487607624105
43.70236847458351
44.65603769261418
45.70631653222226
46.65887612878638
47.6593853864433
48.67760938721212
49.71747847799727
50.67208222610876
51.67755637480795
52.692574823976564
53.685182455761456
54.718069059479426
55.69169297078366
56.64312663512598
57.696686132113896
58.65377884727639
59.674578727417405
60.68404713494937
61.70031992469768
62.67655034577694
63.7134501183414
64.71148785236953
65.68902635590975
66.70671465092077
67.66522156009951
68.70156329514813
69.74861220192184
70.70869566414268
71.68848033190194
72.71783687343904
73.73458286320849
74.76885878529157
