125.67195138877192
124.68235618738993
123.665902357975
122.67680265103508
171.98252712686727
170.98813272789536
170.00586988978793
168.98439730077473
167.987917814966
166.9978951506892
165.99679888385597
164.99669759250617
163.99670598117677
162.99507843890447
162.00256612928388
161.01071588297918
159.98863634892083
158.99221007281687
157.9867904588462
156.99233130951765
155.9988935990716
155.00791078357054
153.9707637920781
152.99783638936756
151.98695279187075
150.98559479438342
149.98602297868337
149.00163746219434
147.98176290512626
146.96510069206616
145.98517028423234
144.97122370677553
143.97499787965867
142.98838254584993
141.98420373895917
140.96388532979012
139.9813378781703
138.9743228058818
137.96401343602116
136.956401318257
135.9632179639529
134.9546700249754
133.96893906065785
132.9551109064492
131.9415579930868
130.94754610020212
129.9386538525225
128.9626592827282
127.94985882323577
126.9560140138219
