65.74181910605978
64.75282907914112
63.75719195007943
62.74833920496311
112.09205540033823
111.0568578746331
110.05952304032071
109.0616675897944
108.07120204586796
107.05369322752453
106.07250739599264
105.08001638500534
104.08124544275894
103.05709084978335
102.06136086278508
101.06941219906959
100.07012331827555
99.0826262940912
98.08099895031677
97.03682972444996
96.05548372521709
95.03740535331204
94.06751958051827
93.05466556445106
92.07934967590003
91.03966051602055
90.08098458202693
90.94157290895112
91.91675893233526
92.93331756087896
93.93380709007792
94.9365974056804
95.93766935552655
96.91988295378303
82.08234501799433
81.066373485972
80.08624601967531
79.08016884008025
78.09702412735497
77.07773210052316
76.08606591617894
75.09407775694675
74.08108084420002
73.09520229084721
72.1073235583383
71.0901603726485
70.08014283060814
69.08838059143113
68.08444474747361
67.09643833984241
