127.70543002907016
126.70421322797048
125.70943772568737
124.71205208871055
174.02434575160382
173.02388721384324
172.03667373518863
171.02953584432555
170.02935353056705
169.02461200641562
168.0270178827847
167.03038311964062
166.03724485566366
165.0415748439224
164.01911547347112
163.0288158225787
162.02935751884473
161.03856357757292
160.045262337931
159.03077740489155
158.0302349480783
157.0347196554565
156.0433899226164
155.03376090373587
154.04736401299505
153.04381685497376
152.03374943665878
151.0478909727494
150.05064045397341
149.0322890501979
148.03872754695732
147.03865169270549
146.02125714724045
145.03979000422578
144.0411397704624
143.02330201662645
142.03904260220972
141.0498156052612
140.03367669781625
139.0375197068961
138.0355756146108
137.04468841336683
136.03335502280527
135.03369843753364
134.03528851523228
133.03921563629444
132.02752851020162
131.02851514370317
130.0295204985535
129.0251351530544
