144.35824423365844
143.35022741027427
142.36073665451164
141.35550347395645
10.403179684383206
9.38764602876718
8.378530009810687
7.375563065124194
6.37478920854541
5.3788077365131715
4.373884018123631
3.3745972434413822
2.375948604659152
1.36821812838125
0.37351431568867105
0.6298217373281381
1.6319280437217911
2.630795569812507
3.639276810941521
4.6370634916137154
5.649623917781884
6.648579579688325
7.672718234443403
8.671574722550249
9.678898615967523
10.674351592288161
11.66491207214226
12.679134188946419
13.68181126905871
14.667324557334602
15.67656481602967
16.698060438208685
17.683222355256017
18.695053403055606
19.684582551819368
20.682222021058035
21.688571478705295
22.67551930065997
23.6819798121265
24.682369983519017
25.679414374235474
26.6826946013405
27.69878294314369
28.69865666321773
29.702499712305787
30.66629798699564
31.693586575491246
32.6991533012208
33.706166111766926
34.69637344681042
