67.97707855850503
60.824159087353834
65.78848201773452
66.6592124908864
154.53145437978523
153.51243889613875
152.52644866841646
151.52117246963437
150.50338313512358
149.4842277744743
148.4928803200751
147.50012347993245
146.48845340198895
145.47053481916524
144.4751257038733
143.47266789735286
142.4647514140165
141.4746551183426
140.47460398570252
139.4392620631942
138.45121581761185
137.44775292230247
136.4332256409115
135.44662381460535
134.4610423730336
133.44523112492485
132.40975662985736
131.44243316861048
130.44930090945374
129.442342877439
128.42671078800353
127.42598276139385
126.43630297137749
125.42643986683532
124.44024233263835
123.43309868128559
122.40526501787315
121.44778729685079
120.42188700338534
119.42780666462944
118.42966953696212
117.40866455106854
116.42049118963014
115.41941025879228
114.42305996389271
113.42703527619726
112.42404440861884
111.44529643578372
110.42902091180972
109.41137697678015
