144.2657257598315
143.24419099051246
142.26812989875276
141.26848458694954
10.322939153822686
9.301915098288022
8.317153873997553
7.312043277324158
6.316790726919591
5.303629254598955
4.321813217737738
3.3254265631547324
2.3000278236620457
1.2856362769385796
0.3020742579590254
0.6917573801620231
1.6913057313948419
2.68206352038933
3.683633965103418
4.717110923165891
5.725766664807864
6.714881855947836
7.709961457197454
8.711993376927918
9.729814048181565
10.760558369733277
11.716059829553126
12.738715435322739
13.722907753563847
14.718787228650791
15.723884757278231
16.711563733526074
17.719003358620057
18.721846574371117
19.789905241898662
20.80086144219773
21.776163995503495
22.753586194926612
23.76202687298419
24.76679611568526
25.749161527694138
26.760227276645626
27.75799938374454
28.728625030714163
29.7508660324261
30.772797556660525
31.759504369426192
32.754836786950236
33.759429091766755
34.75896760252067
