125.14729175604657
124.16055434739158
123.16089256616841
122.14991895608748
171.41261085687347
170.42836553133887
169.43252174100758
168.53893906450674
167.55716330537953
166.56116675812342
165.56239264254054
164.58858302226025
163.61750976246697
162.6031370312575
161.6103451526575
160.6221304046595
159.59887295908754
158.62313091828022
157.63349142129022
156.63316316861975
155.6232000675198
154.6350707086051
153.62765397030057
152.64258966044576
151.6605990369342
150.64129332458344
149.64948334305583
148.64907774118385
147.65066173653514
146.6464777265857
145.66624077479008
144.66153182585575
143.65246195910714
142.65628983194534
141.65715049629478
140.66689028082232
139.67965031844471
138.67232895593997
137.6635645909558
136.66510713833787
135.65589335006348
134.67271869789047
133.66693257997196
132.6692317345574
131.67500504041163
130.6614152825753
129.65594935497202
128.68374952781807
127.64922679314022
126.66191655979192
