176.39114015680767
177.2932586600743
178.19350773667242
173.8175622192006
49.92417581553203
48.911865022040466
47.927957415047885
46.93340653123587
45.91003655508333
44.94024475938105
43.92645385077972
42.89104424735353
41.896846780768875
40.877633664373974
39.90501762912334
38.913243000026114
37.89880777381689
36.88792447342262
35.89805513012285
34.90204007003165
33.89345507282208
32.88376421337372
31.89415753381933
30.860687081660203
29.86953837598947
28.827487934927735
27.85149590434102
26.837836535074768
25.86720645505533
24.850060869464162
23.856827352638692
22.860741528265645
21.853297615451634
20.847402834915187
19.882122723576412
18.862637687938044
17.872684654019565
16.84723842156528
15.834908866553013
14.861902099159874
13.81880074807819
12.815329804115102
11.842294987627914
10.811757312312336
9.802675151561605
8.824994027183623
7.833936831247134
6.81902736984712
5.798288993889897
4.819606751968796
