50.602109734493716
49.61088185774408
48.60495706768653
47.62731818283854
83.50776492342587
84.52162424241766
85.54328985298378
86.54937666854914
87.53991937557004
88.5440228460161
89.51943252786903
90.5364291405039
91.55120590728691
92.50407129866804
93.53427409968863
94.53972943256069
95.52767055406511
96.52010590948048
97.5049229557075
98.51471265137882
99.49719122693739
100.50276619942
101.51345302705505
102.5075930215699
103.52274343976312
104.51723977133497
105.5398381827333
106.48857708336554
107.48948636743162
108.50132957632972
109.49254568461322
110.49698939524417
111.48940150834288
112.47899971581177
113.48167397260445
114.48190212629875
115.4905179249094
116.47355062558387
117.47776719295946
118.45988058792886
119.48117153217137
120.46131786344017
121.44363614447158
122.4501980325576
123.43756089596896
124.43668447974069
125.43536188551246
126.43518689258823
127.40628510113075
128.3917614257155
