144.30019078492396
143.31771294611227
142.36278577213398
141.33257309116235
10.412606301441215
9.412532098666587
8.431287082500072
7.4345717423180755
6.430881325403164
5.435259796631021
4.44079523327875
3.4500845126927246
2.445819001648248
1.4448805489276977
0.42784276639218605
0.551711107725524
1.5496130344128145
2.57019198808436
3.588933029144902
4.579116597797972
5.572553702873764
6.571062402165337
7.576900003517559
8.561729407294802
9.555959630319572
10.56475784801368
11.57286676297634
12.560371496947871
13.55594134489405
14.577955513958985
15.561913417654454
16.558012686094006
17.56962146782573
18.564330017705863
19.571819758394067
20.56865864039901
21.575779984214527
22.591526469191646
23.572846337746526
24.585410654458602
25.59680741471463
26.586357020978966
27.55398109312878
28.560786654329156
29.578502512295092
30.59114861405402
31.57733812775793
32.56920695768189
33.589632994259816
34.573609560181026
