65.40171123024386
64.391402385974
63.41592446482083
62.406426623520645
111.81215523284159
110.81055436303598
109.8013780824386
108.80314973631275
107.82804805216931
106.79476662346633
105.81165284911323
104.80474650551865
103.7993056067235
102.818948336276
101.79246819147424
100.75489727154175
99.7490533622614
98.76211387168868
97.75504382750663
96.77502350516248
95.78145729840254
94.76003859488583
93.78271405915493
92.7871809792976
91.77698944980692
89.20073688956258
89.78220844402024
88.7841516183648
87.73655350565471
86.76538499620614
85.74544472365487
84.76311723568631
83.75889492190787
82.76541122877452
81.76428055196348
80.75454789268467
79.7562801697113
78.77892165376913
77.76470361039735
76.76479482755913
75.76617411694924
74.76749182772208
73.73437189979397
72.75928140912234
71.74387312592641
70.77682779470862
69.7540891958413
68.74395248955946
67.74864371166494
66.76031665553371
