104.30707373026063
103.28795530446808
102.2703088661883
101.2902232391136
29.711908924488718
30.739188445256453
31.730968735197166
32.68298447294833
33.724076879006375
34.75839308489546
35.72465006055175
36.72737873189394
37.74827484427177
38.71104321217486
39.730922645881165
40.71492819867212
41.732830234078754
42.71801642626155
43.718510011392496
44.738192456034
45.721052977051265
46.707068973989024
47.739133502437014
48.71826631578175
49.76378636943346
50.72702232074981
51.77396652685616
52.76222520466521
53.7344086216428
54.74000052837719
55.72154022925235
56.772449368050125
57.72175220194847
58.72873445167598
59.741448603871646
60.71876071079706
61.68708147463474
62.698885466512856
63.713666817412275
64.74453508427787
65.64941853048298
66.66865038390233
67.65300366067592
111.30905608540733
69.6747014169879
70.66183113708222
71.68812201028057
72.68354518205763
73.64771568669535
74.64905815901928
