58.25636169371991
57.43474541765917
58.56195059564233
55.73503932380862
170.88761643125196
169.9121872655597
168.9451434429517
168.00257872343118
167.15288486254187
166.16907995556676
165.18609706922354
164.29909572549673
163.2842721340257
162.27807498351035
161.30394901653278
160.28915619712922
159.2964475788768
158.27798645163554
157.29560593444958
156.2996412673657
155.28498573755357
154.27619792058556
153.260064582392
152.26559185330584
151.26234685119402
150.25696368745673
149.26440332980926
148.27108242824684
147.27711576919666
146.24794314020124
145.23966049888452
144.25080753015305
143.22514803630995
142.22353888723504
141.22987112434808
140.2279382193519
139.23696093557638
138.22087566489424
137.21469390121135
136.22071854551902
135.2102832467739
134.20785744321446
133.20711057530917
132.19785467483376
131.20462002432473
130.18441692435334
129.18370691554202
128.188871974113
127.18225555608757
126.17124032964666
