126.57295934446896
125.37031200756384
124.42990308043707
123.61599381881399
172.6806526806527
171.67863810397745
170.79254079254076
169.63869463869463
169.83641760879175
167.70909090909092
167.91628274318816
165.7630041191685
164.73286713286714
164.30309416610783
162.71366642407366
161.751125586742
160.70315006094822
159.6687183783958
158.6575924075924
157.83922499518832
156.8559440559441
155.7720155950245
154.67277117501337
153.7165586706871
153.33440752795588
151.81756296800546
150.78278549644185
149.77264595869246
148.79953379953383
147.8377622377623
146.710064129419
145.66270938363968
144.7436966703022
143.7995337995338
142.80678225883705
141.72150430214947
140.73065947505413
139.7895682299352
138.70743210278098
137.83501566307
136.76448551448553
492.2293706293708
236.82527598020562
358.1407583242446
197.0042457542458
232.45754903251284
230.98459063060832
358.8485057543353
228.49586776859508
428.77052462955544
