48.58105263157895
47.06042553191491
45.86999999999998
44.48347826086955
82.45161290322581
81.7170731707317
80.87225806451612
79.5174803149607
78.4
77.85520661157022
76.65407999999998
75.34451612903223
74.84516129032257
73.52195121951223
72.1888524590164
71.82
70.82495999999996
69.5025
68.74536585365854
67.86885245901638
66.6232258064516
65.46374999999999
64.9534426229508
63.532799999999995
172.45714285714294
139.90064516129038
111.50557377049181
107.08363636363636
90.63669421487603
154.03464566929145
68.53685950413221
266.8031999999999
175.90426229508194
153.46451612903223
215.0129032258064
51.69951219512195
50.550967741935466
49.28625
48.72188976377954
47.667401574803165
46.3367441860465
45.68
44.81007874015749
43.47428571428573
42.60495867768595
41.81669291338583
40.52903225806453
39.54193548387097
38.94857142857143
37.732499999999995
