53.41603898980949
52.05139565795304
50.43329043329046
49.04332904332903
207.24554341575617
176.19369369369372
164.2429526300494
212.29581229581228
204.02530189764235
151.83438757906845
175.89419206440485
169.14318573893047
101.33712660028449
80.57579318448884
191.93889541715626
192.07990599294953
75.47371547371549
169.52048823016565
239.0119151409475
75.04603504603507
107.25462304409668
278.1756756756757
154.15286253995936
80.77382645803701
252.19412961348445
173.74517374517373
230.71471471471475
87.52204836415365
184.13251961639054
184.13251961639062
150.20199146514935
84.74985623921795
149.52552552552552
152.5734430082256
143.90896159317214
306.1052631578947
50.59697059697061
49.54373728567279
113.5832606800349
156.42674253200568
46.56699252443936
45.56814879395524
44.565842438182855
43.58826912018401
42.56169212690953
41.56931124673061
40.51209103840684
39.57894736842105
38.47718686428363
37.48531139835488
