554.8623853211011
349.28958525345627
215.01876106194686
151.41502262443433
83.62046511627905
83.97176470588236
84.11259259259259
86.90341463414634
86.89170731707317
87.16645161290322
89.62604651162789
89.60647773279352
90.4967441860465
92.38857142857141
92.61037037037038
93.5055737704918
95.36498054474707
95.40440816326532
96.71606557377049
98.15717647058824
98.29417322834647
99.97879518072288
101.16863999999998
101.29734939759035
103.39875
104.15810276679842
104.73035294117646
106.67566265060239
107.02124999999998
107.15392996108949
109.82016000000002
109.99518072289158
110.30987755102043
112.94457831325298
112.83512195121946
112.91665338645416
115.70428015564204
115.5922178988327
116.30941634241246
118.54032786885244
118.86336
119.53152
121.40220472440946
121.43435294117648
154.16129032258064
313.695
194.4118032786885
451.5462295081967
301.5755294117647
259.9432258064516
