nan
nan
53917.56036217305
nan
440.8055573258556
191.68698288385022
342.32493552866504
201.25677139761646
320.53990610328646
246.06807511737094
161.6431924882629
251.31560664435045
148.7756305273501
415.7272607608267
365.18360160965807
166.95211267605637
405.4282451465551
304.9949698189135
406.69811320754724
99.09938504265031
135.58218086801355
153.63380281690146
124.44232965359727
309.7438584998362
324.742614981927
283.0628843483436
343.1373562475772
150.9833546734955
151.03098591549295
143.4720248094069
365.16219488878977
463.1436619718311
124.92633218666839
350.7499048344119
213.5198521445414
134.64658921269555
334.5787451984636
233.44973064191603
373.7038446897602
471.0239817282071
428.35724021548646
312.3586769485692
129.81199413676632
444.89468923633547
349.533840209398
353.54260089686096
299.16650588462284
278.40591938729153
314.4006118156905
135.27415656731085
