129.6
126.72000000000001
126.72000000000001
126.72
172.66279656739022
173.15754779169416
172.1592560302238
169.57373271889404
168.75567895002524
169.2244418331375
168.12972972972972
167.1135904587862
166.25646923519264
165.25798525798527
164.1906217171235
163.0855054342599
162.16216216216216
161.23059229442208
160.19727756954035
159.24663339297487
158.11091368184793
157.17780938833573
156.2446657183499
155.14070771802727
154.0772200772201
153.15442651131698
152.13655761024188
151.16188353301757
150.16552885064996
149.14414414414412
148.1271412257328
147.17978848413634
146.1784365010172
145.11464533125186
142.76322293623335
157.31369578238966
142.13170917396272
141.11056511056515
140.06968641114986
139.0711838599163
138.22844742552778
135.93609022556396
136.0919107260571
135.09785647716683
133.00223214285714
133.13748531139836
132.0967283072546
131.10011419870574
130.06207621048614
129.21171171171173
