44.83291657194817
43.29113924050633
41.89110873875248
41.04216867469879
83.73117469879519
82.6821421812906
81.66415662650601
80.6816571097223
79.74861608596548
78.6552662261951
77.66138237159164
76.75075301204818
75.65117613310383
74.81927710843372
73.6668138522677
72.71438695960312
71.70180722891568
70.72677808006219
69.74001268230816
68.6899175649968
67.67880030761341
66.6867469879518
65.6463692608271
64.71009036144581
63.696074621064895
62.63085127394825
61.748931208705784
60.599288345090194
59.934282584885
58.65803640092286
57.599101067482366
56.75635183219926
55.655041217501584
54.687320711417094
53.71818826106565
52.632066728452266
51.72859860494611
50.632374055808725
49.71009036144577
48.75502008032127
47.618559343758
46.63218318299375
45.65752371186875
44.63086388105614
43.6300038865138
42.57949832115347
41.62912519643792
40.85314229892543
39.60138426044604
38.7085843373494
