124.27875
123.09714285714286
122.27815384615386
121.31446153846153
170.87981598619896
560.2938358351963
168.87387387387392
167.83208740655553
166.93229311786013
165.89894242068155
164.95495495495496
163.39897524538551
162.87908961593178
161.99146514935995
160.95457159286943
160.75764260951786
159.70639366428435
159.1421856639248
156.95227142035654
155.9572072072072
154.8591144335825
153.39835792332858
152.9391891891892
152.00450450450452
150.90281771132834
149.4498502994012
148.44752600063032
147.97884841363106
146.92774407060122
145.93480078016162
144.86486486486493
143.9301801801802
142.91421856639246
141.93548387096772
140.43744090765836
139.4753970320229
138.9587482219061
137.94815223386658
138.1342632955536
135.93758707160768
134.85614646904975
133.90129259694478
132.83196239717978
131.53104317680425
130.5191678498673
129.56355330575965
128.57460337057847
127.90896159317214
245.69292696952277
421.85937403543426
