11782.665925514177
21520.904836193447
29646.346153846152
7497.99604329105
169.77340977340972
168.3638709677419
169.98967741935488
166.36738261738262
165.6225
164.73928473928473
163.58625
162.57375
161.4825
163.23161871548962
159.51375000000002
158.52375
157.57874999999999
156.4025806451613
155.48516129032262
154.49806451612906
153.47249999999997
152.5254286544609
154.10250000000002
150.53625
149.59459459459458
148.4477419354838
147.49874999999997
146.46193548387095
145.61454545454546
144.48774193548385
143.60941586748038
142.28271728271727
141.5454545454545
140.3775
139.60363636363633
138.4690909090909
137.55272727272725
136.45125000000002
135.47250000000003
134.39612903225805
135.99870967741936
132.37875
131.33032258064517
130.4325
129.29625
131.01600000000002
127.29089092725454
126.37125
125.38125
124.31612903225803
