125.36262295081967
125.29116279069765
123.90697674418605
122.42250000000003
172.43312101910823
172.3730769230769
170.63544303797468
170.14070351758792
168.83773584905666
167.03766233766237
167.03773584905662
165.22838709677418
165.2422360248447
163.43773584905654
164.14459393742905
161.6331210191083
160.21146496815288
159.82838709677424
158.04458598726114
158.4
156.23312101910827
156.2422360248447
154.4444444444444
154.37647058823526
152.64000000000001
151.21118012422363
150.83773584905666
149.04444444444448
149.04000000000002
147.2422360248447
147.21176470588233
145.4235294117647
145.3730769230769
143.61677419354837
141.9777777777778
141.82405063291145
140.03773584905662
140.03333333333333
138.21428571428572
138.21176470588233
136.43773584905654
136.32077922077917
134.6331210191083
133.66709323012583
132.85125000000002
131.05125000000004
131.04905660377358
129.26666666666665
129.2625
127.47374999999997
