45.561600000000006
44.85123966942149
43.565625000000004
41.6950819672131
82.53461538461536
82.04025974025973
81.07012987012986
79.64415584415585
79.02352941176473
77.4470588235294
77.12049689440992
75.46329113924054
75.16753246753248
73.62111801242234
73.16999999999999
71.78823529411764
70.875
69.98757763975156
68.49290322580644
68.13167701863352
66.43741935483872
66.48235294117649
64.6141935483871
63.97012987012987
62.76923076923077
61.73544303797469
60.983544303797466
59.38860759493669
59.182165605095534
57.39363057324842
57.24473684210527
55.65189873417724
54.90573248407645
53.851898734177205
52.69411764705882
52.015384615384605
50.43506493506492
50.15612903225806
48.49342105263159
48.197368421052644
46.64903225806452
45.99000000000001
44.8875
43.728750000000005
42.98757763975154
41.49230769230769
41.19749999999999
39.52075471698113
39.186335403726716
37.94025974025975
