123.28921078921078
122.31143856143855
121.51636363636362
120.41848299912814
170.16
170.89548387096767
168.178064516129
166.995
166.08000000000004
165.5147795591182
164.08124999999995
163.13625000000002
162.0228571428571
161.02857142857144
160.23375000000001
159.32436301173766
158.1257142857143
157.21476923076924
156.11815384615386
155.21142857142857
154.05784615384613
153.16571428571422
152.25749999999996
151.0838709677419
150.1942857142857
149.09625
148.02967741935484
147.25161290322583
146.10461538461539
145.18451612903218
144.15750000000003
143.14499999999998
142.29
141.06285714285713
140.21169230769232
139.32553846153849
138.1275
137.25290322580642
136.02285714285716
135.16874999999996
134.32984615384612
133.07428571428568
132.24374999999998
131.50238939417298
130.14857142857144
129.18688524590164
128.10461538461539
127.10857142857142
126.23624999999998
125.14285714285717
