226.2612612612613
439.2792792792793
378.52949723917476
303.0217459817208
171.5960655737705
171.57714285714286
170.12093023255812
168.73548387096773
168.65419354838707
167.2855813953488
165.81714285714273
164.89142857142855
164.3754330708661
162.99906976744185
161.54709677419353
161.51441860465115
160.04903225806453
158.61714285714294
158.60250000000002
157.18677165354325
155.74325581395348
155.47464566929136
154.31606557377046
152.8667716535432
151.72992
151.4171428571429
149.97375
148.53209302325575
148.54325581395344
147.1122580645162
145.67811023622045
199.7485714285715
214.87255813953487
151.93124999999998
142.33756097560976
200.2176000000001
152.19348837209301
160.30883720930234
142.16625000000002
136.81133858267708
184.83749999999992
161.78687999999994
203.18511627906975
226.80436029833623
132.51401574803148
131.13070866141734
129.6116129032258
128.55287511371836
128.21806451612906
126.7672131147541
