550.5405405405405
198.3124588002637
236.73171240738804
438.9405405405405
83.59345260753712
84.54361835144755
85.61043802423116
86.57052812529847
87.54480796586061
88.58687258687262
89.65491443000094
90.51178838412882
91.6361522813136
92.60373049105443
93.62313362313364
94.59837459837462
95.58234493486293
96.55500570993529
97.57785467128028
98.55535250553044
99.57103010483793
100.52935694315005
101.6023853034529
102.51418678464943
103.67156083419057
104.55161875656574
105.54967779167067
106.63012663012664
107.50497866287341
108.4847914116207
109.48542848898721
110.61776061776065
111.50965250965253
112.54400307781093
113.47826086956523
114.54809648358035
115.51466359976997
116.63113818043394
117.5051975051975
118.55727613734733
119.47437092264676
120.39142590866732
121.48036538280441
122.4584014619602
123.47911547911549
124.44232965359728
125.4701180053293
126.38370765131329
127.52656104380243
128.5513887590012
