484.71837253655434
187.89776595086326
244.13935839944816
200.67262969588555
175.87124999999997
173.00329411764704
173.00171206225681
172.96679536679537
170.1324590163934
170.12819277108434
169.97925925925927
167.24093023255816
171.97214574898783
175.55327999999997
174.01322834645669
190.88592592592593
169.47
161.28000000000003
174.30260869565217
169.10208000000003
158.40000000000006
172.3464566929134
162.6687747035573
187.26671814671812
192.71441860465114
174.4273170731707
158.5674418604651
204.81359073359073
149.75999999999993
167.02824489795918
162.55623529411764
164.41043478260875
186.61224489795913
169.27875
179.14499999999998
177.30635294117644
169.003984063745
146.7522580645161
141.11999999999992
138.42000000000002
138.24
138.24
135.35999999999999
135.35999999999996
135.35999999999996
132.48
132.48
132.48
129.6
129.59999999999997
