7828.5599999999995
10172.16
1793.3669999999997
5320.152
80.72129032258061
81.08129032258064
78.64258064516129
77.69999999999999
76.66875
75.90193548387096
74.938064516129
73.79999999999997
72.82451612903228
71.80799999999999
70.812
69.93
68.87612903225806
67.81935483870969
66.78
65.88
64.90451612903225
63.88875
62.883870967741935
61.85032258064516
60.781935483870974
59.85290322580644
58.823999999999984
57.9375
56.95875
55.881290322580625
54.803999999999995
53.796
54.19200000000001
51.8167741935484
50.760000000000005
49.715999999999994
186.78
47.823750000000004
46.81161290322579
45.684
44.732903225806446
43.788
42.747096774193544
41.795999999999985
40.86580645161289
39.9
39.00774193548387
37.985806451612895
37.0916129032258
35.916000000000004
