127.40869565217389
125.67375
123.95094339622646
123.88695652173915
172.52538401457954
172.2328444211629
171.3826735513482
169.50821760733848
168.30008377028327
169.1566265060241
167.31796752226296
165.35266309486292
164.5918525643014
164.30348420709865
163.41939185312677
162.45553643144004
160.27774238756527
160.55264536406494
159.2627808531423
157.44468956823192
156.58037770612614
155.3261045476614
155.50200803212851
154.27772947459943
152.42987708792938
152.170413271817
150.30822565395525
150.43635682626876
149.30145452275423
147.3979875300944
146.6863196683556
146.1962134251291
145.38110336081166
144.9184975194897
142.38831238047464
141.6173967853766
140.33308383233532
140.11976047904187
138.5635146818662
137.31851804412563
136.5581879718823
136.15210843373498
134.48607938761648
133.54838709677415
132.34348057811079
132.35836964880798
130.36302395209586
129.43504295756318
128.61530824361643
128.1001902346227
