69.83999999999999
68.14451612903224
66.0541935483871
64.1032258064516
81.38322580645162
80.2567741935484
79.34857142857143
78.36387096774192
77.34857142857142
76.43612903225805
75.41114754098359
74.31344262295082
73.41749999999999
72.29508196721314
72.06857142857142
70.37419354838711
69.3714285714286
68.42360655737706
67.37624999999998
66.39096774193547
65.41874999999999
64.37714285714287
63.42967741935483
62.39612903225807
61.394285714285715
60.457499999999996
59.4057142857143
58.46857142857144
57.458360655737714
56.41142857142857
55.51874999999999
54.45
53.396129032258074
52.47870967741937
51.37874999999999
50.49142857142857
49.46285714285713
48.472258064516126
47.5548387096774
46.54451612903226
45.48983606557376
44.508
43.48327868852459
42.5142857142857
41.52000000000001
40.48258064516129
39.576393442622965
38.605714285714285
37.6342857142857
36.52799999999999
