398.2212765957447
312.915
149.205
223.0259340659341
10.451612903225806
11.474645669291338
12.438425196850394
13.545000000000002
14.501250000000004
15.412500000000001
16.32774193548387
17.65417322834646
18.425196850393693
19.558032786885246
20.475
21.338181818181823
22.447741935483872
23.535000000000004
24.444878048780488
25.440000000000005
26.503140495867772
27.440640000000013
28.42582677165356
29.571023622047253
30.546885245901642
31.462857142857136
32.55552
33.50551181102363
34.41374999999999
35.53170731707317
36.4875590551181
37.497599999999984
38.60628099173553
39.53142857142857
40.51584
41.38875
42.45024793388429
43.56283464566929
44.41142857142859
45.55842519685041
46.53
47.49732283464568
48.62322580645163
49.54314049586776
50.43483870967739
51.549677419354836
52.565760000000004
53.50499999999999
54.392195121951225
55.519999999999996
