84.42728442728443
85.92020592020589
87.53212228622066
88.98537882144439
313.8738738738739
24.453584018801408
264.2538190364277
251.0472972972973
209.1038406827881
204.45083381253608
60.19180470793375
371.40765765765764
263.536036036036
114.33558558558559
213.04054054054055
202.80846063454766
265.17538815411154
243.9717978848413
126.95945945945948
130.1437607820587
200.21396396396395
243.2317423806785
28.437132784958862
277.09815078236136
31.59811985898943
122.6556991774383
374.9644381223329
277.280227596017
163.49898285382156
70.259009009009
109.5533428165007
235.74395448079656
398.7725225225226
222.57483289741356
251.74549549549553
113.6936936936937
400.01137980085326
87.59106933019976
150.57432432432435
179.22048364153628
223.77203290246769
361.30680130680133
111.46759662888694
134.80161012075905
176.79200940070504
348.2901849217639
121.04729729729729
217.60455192034132
404.5608108108108
338.4018801410107
