149.80645161290323
151.7341935483871
153.80129032258066
155.65935483870967
29.771428571428572
30.44903225806452
31.42125
32.63606557377049
33.47999999999999
34.54857142857143
35.56125
36.592258064516116
37.599999999999994
38.66285714285715
39.518709677419366
40.488749999999996
41.4225
42.4575
43.42426229508197
44.48903225806451
45.449999999999996
46.3725
47.390163934426226
48.30749999999999
49.40852459016392
50.35499999999999
51.36000000000001
52.21125
53.38622950819672
54.36590163934426
55.33874999999999
56.183606557377054
57.38624999999999
58.20387096774194
59.33714285714287
60.40125
61.4025
62.117419354838695
63.14285714285715
64.1257142857143
65.07870967741934
66.09375
67.08184615384614
68.03428571428572
69.20129032258066
70.71600000000002
71.19999999999997
72.10125
73.11483870967741
74.12571428571428
