42.99078667611624
44.20228685442407
45.357902197023385
46.64696521936803
10.512365250475584
9.47064855165342
8.390840850312241
7.427429926961731
6.404894188151571
5.488759160352751
4.348644578313252
3.382233597602846
2.483301079967538
1.3893072289156627
0.45180722891566266
0.5618328235220675
1.6068418752731128
2.550721018790186
3.6410906785034864
4.702599873176917
5.692771084337349
6.628990187554341
7.630522088353413
8.65234132405912
9.641051251638677
10.651355421686747
11.699429296131893
12.723660599846193
13.746234939759034
14.74249328921905
15.60981895496424
16.74261814095761
17.739529546758458
18.732660371214585
19.70665269774751
20.602409638554217
21.765403583244897
22.73175603970285
23.776765091453896
24.74365547295565
25.71752980508421
26.724397590361445
27.788251451401457
28.837512211006185
29.748312622216616
30.776723916944377
31.722635221738017
32.828015358135836
33.75638680375953
34.78041197046248
