90.89763025612382
92.55739940895657
93.706591070163
94.88638096690556
29.607124148768982
30.633949410206267
31.558734939759034
32.62191623637407
33.60279828993392
34.65361445783132
35.62020101129908
36.582117945466074
37.65391235270753
38.52786144578314
39.51277638024626
40.676696422997686
41.57395539605229
42.75713379835129
43.59939759036144
44.54298870876175
45.60110005238345
46.637801204819276
47.61551701310736
48.63194714341234
49.60983831699855
50.622053431115766
51.586016195931265
52.47518571696111
53.4901911310162
54.543334628837925
55.62822719449226
56.596548355584495
57.63756055148429
58.60085503303538
59.57476966690291
60.61851684814124
61.54040244748629
62.64671589584143
63.4512242518461
64.6174225698606
65.59111445783132
66.58292745449884
67.64902542105594
68.58007948022453
69.65410027205596
70.57725407122997
71.56626506024097
72.6683784317598
73.67536078379452
74.56549602665982
