15.009917355371902
13.614285714285717
11.97073170731707
11.15702479338843
58.591139240506315
57.118471337579635
56.35125000000001
55.290789473684214
54.23773584905661
53.57307692307692
51.98490566037735
51.58089171974522
50.084999999999994
49.52278481012658
48.233121019108296
47.40000000000001
46.39615384615385
45.284210526315796
44.67577639751552
43.053749999999994
42.66792452830189
41.10379746835443
40.80375
39.2423076923077
38.455629139072855
37.45882352941177
36.28481012658228
35.449681528662424
34.098749999999995
33.7751552795031
32.088461538461544
31.65
30.296249999999997
29.45660377358492
28.577922077922082
27.348750000000003
26.570322580645158
25.06064516129032
24.64705882352941
23.12941176470589
22.689473684210526
21.158490566037734
20.571428571428573
19.41923076923077
18.464150943396227
17.575155279503104
16.166037735849056
15.580891719745225
14.116981132075477
13.78451612903226
