112.00800000000001
113.99225806451612
116.08799999999998
118.176
10.33875
11.542499999999997
12.408749999999998
13.44
14.422500000000003
15.41714285714286
16.415999999999997
17.417142857142856
18.427500000000002
19.335483870967746
20.38857142857144
21.462857142857132
22.426229508196716
23.451428571428565
24.387096774193548
25.412459016393445
26.388571428571435
27.290322580645153
28.406249999999996
29.3458064516129
30.342857142857145
31.417142857142863
32.27428571428572
33.41508196721311
34.32000000000001
35.325
36.32625
37.31625
38.308571428571405
39.35213114754099
40.32
41.38875
42.282580645161296
43.35096774193547
44.20125
45.30098360655738
46.29714285714285
47.30754098360656
48.29901639344261
49.37142857142856
50.208749999999995
51.26625
52.34625
53.21249999999999
54.28125
55.15875
