70.60000000000005
71.8214876033058
73.17142857142856
74.4428571428571
10.607547169811317
11.307692307692305
12.576623376623374
13.347169811320754
14.41184210526316
15.532075471698116
16.362580645161287
17.581935483870968
18.36687898089172
19.55403726708075
20.34
21.57692307692307
22.246153846153845
23.434394904458603
24.475471698113207
25.32692307692307
26.482499999999998
27.236250000000002
28.47577639751553
29.321052631578954
30.54339622641509
31.184415584415582
32.388749999999995
33.412499999999994
34.32611464968152
35.415
36.23478260869565
37.47058823529412
38.178947368421056
39.43018867924528
40.23116883116883
41.43461538461538
42.33962264150943
43.32375
44.47402597402598
45.22784810126582
46.53962264150945
47.1814569536424
48.544099378882
49.21578947368421
50.38838709677418
51.25987261146496
52.3125
53.52151898734177
54.26709677419355
55.388235294117656
