nan
nan
nan
4620.96
10.474838709677421
11.57806451612903
12.504
13.598709677419357
14.527741935483867
15.503225806451615
16.523999999999997
17.39612903225806
18.418064516129032
19.45161290322581
20.427096774193544
21.402580645161294
22.436129032258062
23.365161290322575
24.32903225806452
25.327741935483875
26.315999999999992
27.371612903225813
28.358709677419355
29.310967741935475
30.240000000000002
31.32
32.27225806451612
33.3
34.281290322580645
35.314838709677424
36.27870967741935
37.368
38.25290322580646
39.27483870967742
40.188
41.17935483870968
42.27096774193548
43.187999999999995
44.16000000000001
45.20903225806451
46.176
47.218064516129026
48.09375
49.25032258064516
50.167741935483875
51.18
52.10709677419355
53.17548387096774
54.10451612903225
55.03354838709677
