14.775528169014086
13.635325466311386
12.472697145439483
11.223591549295776
215.2961605247926
395.2450704225352
413.4985915492957
164.64723223059283
301.58827967806843
264.0922599819099
199.03692424819187
65.63504923345381
260.91933418693986
50.26084759679152
49.31506849315068
48.20342871709898
47.26525821596243
46.11952086349874
45.23589970315163
44.207746478873226
43.13269753047432
42.19233955770822
41.26632522407169
40.222320469904616
39.250503018108645
38.188770632846854
37.12273641851105
36.14647887323943
35.04900369961705
34.16825275980205
33.147294984862434
32.143687814963165
31.076413230514305
30.108541155188004
29.097830224590787
28.039906103286384
27.046043074591047
26.093542386393842
25.168567968899378
24.10734678340312
23.141038008875164
22.107507429900497
21.051730946426215
20.03269617706237
19.066658012591674
18.115236875800257
16.97686116700201
16.08274647887324
15.010809040288242
14.014084507042252
