6.619354838709675
4.57548387096774
2.5083870967741926
0.495
49.192258064516125
48.23999999999999
47.29142857142856
46.139016393442624
45.29032258064517
44.5725
43.23375
42.33142857142857
41.484000000000016
40.37625
39.40571428571428
38.37714285714284
37.43999999999999
36.427499999999995
35.535483870967745
34.409032258064514
33.474285714285706
32.539354838709684
31.44375
30.4875
29.484590163934424
28.516721311475404
27.531428571428563
26.468571428571437
25.583225806451615
24.537142857142857
23.51213114754098
22.578749999999996
21.507096774193542
20.480000000000008
19.48571428571429
18.43875
17.52
16.4925
15.513750000000002
14.541639344262297
13.51125
12.553548387096773
11.508571428571424
10.49806451612903
9.48983606557377
8.4825
7.606451612903227
6.581249999999999
5.467499999999999
4.5225
