205.9426771653543
380.07104247104246
93.29101214574898
96.79304347826087
114.35228331780057
113.32685203188802
112.32165027218032
111.38982398768879
110.29327199539966
109.283196239718
108.31759094734876
107.26376011047546
106.31009957325747
105.31339850488787
104.23073249928373
103.23174238067854
102.22609706480675
101.25475656161576
100.26932856201148
99.28435477731253
98.21263772483286
97.27469629908656
96.30285337602412
95.27462946817786
94.26106958021852
93.25450450450451
92.30941286113702
91.28214719910223
89.45864661654136
89.32191978455324
88.32046332046335
86.52540241448693
86.16961789375584
85.17038777908344
84.1973646244109
83.22785418870828
82.31553352660619
81.29805862200227
80.3213003213003
79.27674153026265
78.26240786240785
77.28022759601706
76.23328591749643
75.23205964585276
74.215658957927
73.27371007371009
72.32086178705394
71.25802061053861
70.27796479753778
68.64481409001957
