nan
nan
nan
7768.892783505154
56.267999999999994
55.41677419354838
54.44129032258064
53.361290322580665
52.37999999999999
51.35999999999999
50.44799999999999
49.4775
48.4875
47.328
46.37032258064516
45.416250000000005
44.51225806451614
43.409032258064514
42.43354838709676
41.436
40.476
39.510000000000005
38.436
37.498064516129034
36.5458064516129
35.53548387096774
34.443870967741944
33.52645161290322
32.50125
31.523999999999997
30.658064516129034
29.450322580645157
28.602580645161286
27.56903225806452
26.58
25.49032258064515
24.561290322580653
23.531999999999993
22.668387096774183
21.588749999999997
20.651999999999997
19.511999999999997
18.66193548387097
17.676
16.606451612903225
15.572903225806451
14.71354838709677
13.57875
12.716129032258062
11.578064516129029
