94.83840000000001
96.17952755905513
97.08480000000003
98.55360000000002
29.79473684210527
30.803773584905663
31.77
32.64905660377358
34.00754716981131
34.555414012738844
35.84903225806451
36.92830188679246
37.83483870967743
39.09056603773586
39.58867924528302
40.6125
41.46967741935483
42.92307692307691
43.618867924528296
44.87388535031847
45.642857142857146
46.76560509554141
47.922077922077925
48.58853503184714
49.94117647058823
50.43552631578947
51.786335403726696
52.475159235668784
53.786249999999995
54.619480519480526
55.66415094339624
56.76305732484078
57.633750000000006
59.030769230769224
59.52531645569618
60.818543046357604
61.48301886792452
62.8012987012987
63.7245283018868
64.66583850931676
65.82193548387097
66.49811320754719
67.71923076923076
68.50657894736842
69.85657894736842
70.61538461538461
71.70967741935483
72.46753246753246
73.5975
74.83670886075952
