66.86557377049179
65.58749999999999
64.32027985618502
63.93142857142856
113.13962264150942
112.83096774193548
111.43229813664595
110.06666666666663
109.63636363636361
107.9222222222222
107.16044776119404
106.1105590062112
105.26458616010855
104.26064516129031
103.32000000000001
102.4860759493671
100.84959816303098
100.68749999999997
99.0223602484472
98.84444444444445
97.18846153846155
96.85822784810128
95.36493506493504
94.38967741935485
93.60000000000004
92.13749999999999
91.73333333333332
90.04645161290323
89.79750000000001
88.18853503184715
87.7275
86.35499999999999
85.48235294117647
84.58867924528305
83.01374999999999
82.7181818181818
81.02236024844721
80.76375
79.15443037974684
78.40891719745223
77.37777777777777
75.86681974741677
75.58860759493673
73.85555555555554
73.74444444444444
72.0111801242236
71.56153846153846
70.17735849056604
69.6658064516129
68.39999999999998
