21.34451612903226
19.48645161290323
17.375999999999994
15.39
56.93714285714285
55.97999999999999
55.02375
53.96625
53.01290322580646
52.01142857142857
50.971428571428554
49.93548387096774
48.93639344262295
48.06
47.040000000000006
45.96387096774193
44.94375
44.03428571428571
43.03999999999997
42.131249999999994
41.052
40.05290322580645
39.07125
37.97714285714286
37.035
36.045
35.11125
34.065
33.13161290322581
32.112
31.042622950819673
30.105000000000004
29.036065573770486
28.06838709677418
27.03375
26.160000000000007
25.083870967741937
24.228571428571428
23.096249999999994
22.162499999999998
21.131428571428568
20.03625
19.119999999999997
18.106229508196723
17.22193548387097
16.10285714285714
15.188571428571432
14.16774193548387
13.157419354838707
12.100645161290322
