67.8228838922569
69.2732714296677
70.12048192771083
71.52346227013318
10.409638554216867
11.459733671528216
12.536563365762516
13.5223245924876
14.442692234908218
15.44745828232717
16.551039322123657
17.47495244134432
18.505229710048983
19.49524413443247
20.545339251743815
21.53598350621738
22.507022910294026
23.555880982493505
24.44154998371865
25.470632530120483
26.620768789443492
27.57147508954737
28.48953709575143
29.458808205796153
30.48901488306166
31.572673673417075
32.5531914893617
33.6029223276083
34.57122608079376
35.4863665187064
36.56913367756741
37.586556753329106
38.55926323093421
39.56119213696893
40.591932949188056
41.59810225357388
42.61671686746988
43.52506801399145
44.569195701725825
45.576410906785036
46.56405727622531
47.59730019554657
48.50982878883955
49.52973183054799
50.578708275725845
51.61678973960359
52.66942771084339
53.59557147508954
54.67404754151741
55.643006809848075
