65.68834459459462
67.25392058725394
68.68044515103341
68.81877893830088
13.095992544268405
14.027868699148977
15.002835002835003
16.01065854586982
16.871765382403684
17.9800853485064
18.971229293809937
20.04158004158004
20.980428704566638
21.939586645469003
23.015843429636533
24.037467069958048
25.032356299961936
25.969619254290784
27.08453133985049
28.003487358326066
28.957528957528957
30.02019813407714
30.980910980910984
32.080892080892085
33.09246088193458
33.98553483060526
34.98316822160239
36.016451233842545
37.104107717826125
38.04878048780487
39.073359073359065
40.019727756954026
40.979729729729726
42.001719033521155
43.0920430920431
43.9352847657346
45.02800982800983
46.054054054054056
46.942273283736704
48.00230835818025
49.03556187766715
50.022121765894006
51.0
52.0746098210887
53.09652509652509
53.90178911305673
55.087960687960695
55.957696827262055
56.99971748752237
58.063387128135325
