9.590371621621621
9.742448330683622
10.591216216216216
192.85895270270268
38.58456394538868
37.64683411326521
36.620199146514935
35.65315315315315
34.7138863000932
33.62731152204837
32.67920094007052
31.66521360069748
30.703456069309734
29.65922444183314
28.60919313474058
27.614571092831962
26.71107727445755
25.676651380622495
24.695823095823098
23.691776883266247
22.57437293408517
21.70748365694214
20.654961530873937
19.66721169568144
18.6458235238723
17.68312482093401
16.64174813110984
15.585903925126543
14.724797790491222
13.644381223328592
12.675972675972675
11.66449207828518
10.64189189189189
9.662162162162161
8.686849393563172
7.664827457215
6.678594971277898
5.70363466915191
4.762086029691663
3.6936936936936937
2.628145386766076
1.5878378378378377
0.6531531531531531
0.3490990990990991
1.3979496738117427
2.3821062441752097
3.366262814538677
4.305490159148696
5.442813055269802
6.338549075391182
