nan
3291.803003952569
5966.768749999999
nan
10.367999999999999
9.313548387096775
8.351999999999999
7.281290322580643
6.300000000000001
5.265
4.285161290322581
3.3561290322580635
2.3759999999999994
1.3238709677419351
0.39483870967741935
0.6637500000000001
1.6374193548387088
2.612903225806451
3.5774999999999997
4.587096774193549
5.663999999999999
6.642580645161289
7.619999999999999
8.593548387096773
9.612
10.692000000000002
11.670967741935483
12.768
13.62375
14.713548387096772
15.747096774193542
16.66125
17.688
18.62709677419355
19.76516129032258
20.627999999999997
21.74625
22.749677419354835
23.667096774193546
24.682499999999997
25.71599999999999
26.807999999999996
27.720000000000006
28.625806451612906
29.736
30.60000000000001
31.68
32.72516129032258
33.612
34.67612903225807
