15.334468085106382
14.04387096774194
12.780000000000001
11.295
58.131147540983605
57.105000000000004
55.79707317073169
55.062857142857155
54.21245901639346
52.89049180327868
51.987401574803144
51.234285714285704
49.99181102362203
48.83428571428572
48.180983606557376
47.07147540983606
45.77311475409836
44.98512396694215
44.08704000000001
42.769133858267715
41.97073170731708
41.08500000000001
39.84768000000001
38.764799999999994
38.119024390243894
36.91636363636363
35.81999999999999
34.951680000000025
33.97039370078742
32.678709677419356
31.979519999999997
31.0544262295082
29.622857142857146
28.880000000000017
28.002644628099187
26.786250000000006
25.806614173228354
25.08196721311476
23.901732283464572
22.77714285714286
21.901935483870968
21.021732283464562
19.755000000000003
19.08
18.18580645161291
16.876800000000006
15.931428571428569
15.219512195121954
13.812480000000004
12.791250000000002
