14.63855421686747
13.8710686903458
12.438398756315586
11.353649893692415
58.78616068552285
57.78468713563933
56.75828313253012
55.840474196250234
54.70135862599332
53.74492789812098
52.858592263792005
51.75353588266108
50.74244622468933
49.867602277240834
48.669625871908664
47.78990963855421
46.859269538888526
45.726736734170714
44.815431940528065
43.77801360883951
42.753872633390706
41.81159872651226
40.730421686746986
39.755231452124285
38.73275485361134
37.68774580186029
36.84476124392859
35.77733393466915
34.734542565867855
33.68517548454688
32.58630376427992
31.78790026415824
30.664835507834443
29.73219302078781
28.605851979345957
27.678549248540552
26.723668869024483
25.74023844067369
24.722891566265055
23.69130576359492
22.676794133053956
21.7099413697571
20.5502222794923
19.633427326326586
18.670933734939755
17.636259323006307
16.726480389643676
15.675135776265682
14.695030120481926
13.746234939759036
