41.83755382033131
42.9486597001363
44.2238457482865
45.35520817210958
10.436430240636643
9.426376440460947
8.521126760563378
7.447183098591549
6.411267605633802
5.385915492957746
4.391348088531187
3.3126760563380278
2.3268377387613346
1.2676056338028172
0.2929577464788733
0.5408450704225353
1.618460764587525
2.6728697979733598
3.7009557344064383
4.653521126760562
5.658130601792573
6.7948229920060905
7.7521126760563375
8.653521126760563
9.737516005121638
10.717029449423814
11.79718309859155
12.766197183098592
13.75774647887324
14.701910090681073
15.833752515090541
16.852364185110662
17.758161874472638
18.781026968988815
19.948422931957943
20.912572207438174
22.021095180951168
22.874519846350825
23.90001983733386
24.89008819270765
25.877847731550595
26.857394366197184
27.863849765258216
28.95539906103286
30.003772635814887
30.99765258215962
32.00704225352112
32.94637781848038
33.93097924037113
34.96338028169014
