524.3628169014086
476.15142857142865
425.48281690140857
143.1217937219731
154.68571428571425
154.09694117647055
15.608888888888893
15.952500000000004
16.61364705882353
18.65196850393701
18.644819277108436
19.81910204081633
21.20414342629482
21.302857142857142
22.922926829268295
23.934980079681274
180.13395348837204
320.2150197628458
246.87870967741938
27.47707317073171
374.08771084337354
289.2491566265061
145.67441860465115
98.25359073359076
263.8575000000001
338.17625498007965
193.0171428571429
326.5328063241107
297.2960617760618
53.748292682926824
358.272
165.2245914396887
52.349629629629625
376.78426229508193
144.56447999999997
128.04837209302323
154.7334939759036
313.2056692913386
278.4764940239044
396.1704489795918
219.73248
301.0733858267716
340.1985542168675
52.0809561752988
52.67121951219513
53.43344262295083
55.259282868525915
55.28903225806453
56.29629629629631
58.145185185185206
