519780.0
108800.59701492538
135139.09090909088
176207.36842105264
110.33419354838706
109.60113775938977
108.48374999999999
107.14962456897942
117.0618131868132
105.65756513026054
104.445
103.51741935483871
102.41883116883116
101.64346164346162
119.68202764976958
99.48551448551447
98.51825593761076
97.61625000000001
97.23051142405983
95.70193548387094
94.725
93.63011988011986
92.48599575043461
91.76727272727271
90.73125
110.89605734767026
88.96251089799476
87.87162162162161
86.73133318294606
85.96232596232598
84.7567365269461
83.88
82.81437125748502
81.98709677419355
80.91870967741936
79.94130869130868
79.08783783783784
78.22144725370532
76.88182784956976
76.03021978021978
75.02561954174857
74.16916167664671
73.22072072072072
72.31883121080872
71.31859131859133
70.18838709677419
69.25470925470927
68.14451612903225
66.938622754491
66.17117117117115
