66.6930057410951
66.15031554790589
64.6932313383704
64.06478372506417
309.60976870396695
455.19939519939516
342.3661270236613
446.3875850177221
456.8483571223298
116.14376321353068
383.25034965034973
136.32617382617383
415.5782678859603
285.11633820724734
197.90401379442477
102.06433566433566
101.04770229770227
100.11110384942158
99.07511842995714
98.01323676323679
97.05407714457489
95.99025974025973
95.11363636363636
94.08655860268762
93.10169650976823
92.1582527061979
91.68626437524226
90.50056919824364
89.08100748808715
88.14590814590812
87.11376728997872
86.06855028379691
85.09318735563079
84.1304950556052
83.46955796497082
82.69228272862988
81.72599231754161
80.14174166640532
79.08128568679028
78.11993316418096
77.10362364907819
77.0586308548968
75.22284167445457
74.1387053313659
73.08462462647488
72.26190849509237
71.45415332331221
70.15083571137384
69.13922441195167
68.05176723728758
