39.65950202170674
42.06120517404564
42.21426245522631
43.323167525502164
10.33712157387069
9.450139794967379
8.383054334611428
7.425908667287977
6.34009009009009
5.371621621621622
4.428704566635602
3.4340222575516686
2.292637465051258
1.364398881640261
0.2825124776344288
0.7381174277726003
1.6775396085740912
2.6260170204806883
3.7387387387387383
4.646030113158141
5.640423031727379
6.74639796591016
7.732999903818409
8.811605723370429
9.740913327120222
10.720720720720719
11.691834182937384
12.776061776061775
13.637665934485721
14.752252252252251
15.767324417843453
16.71343817685282
17.792792792792795
18.855545200372784
19.741971937093886
20.685703371215737
21.8834751706724
22.679370017499515
23.720654961530876
24.845559845559844
25.749735500625178
26.829450139794965
27.68042768042768
28.730661696178938
29.76290369792175
30.81081081081081
31.81306306306307
32.779123951537755
33.790330122510056
34.850739240983145
