5704.971002485501
50628.3429991715
25418.933019337896
22310.221327967804
155.01168445651487
154.0315286212689
153.26826072715363
152.11267605633802
150.97464788732393
150.11988208319684
148.98975672215113
148.11267605633805
146.9504811675483
146.06538312443476
145.04788732394368
143.94238156209988
143.15099901735996
141.93772500473693
140.92518413231684
140.07934933544934
138.94776732141727
137.78169014084506
136.90140845070417
135.87580025608193
134.98317337654245
134.26295328532282
132.9511955453652
131.9472800103372
131.01317582916855
130.20462397023653
128.85787451984638
127.89624625581544
127.00256081946222
126.12676056338026
125.01408450704227
123.80281690140848
122.88922725542444
121.92272903475902
120.91549295774648
119.8515416825276
118.80921895006402
117.9848320693391
116.79999999999998
115.90891141239963
114.97126255289584
114.14401904384052
112.88667786535731
313.7614678899084
111.04907471736247
144.60890342052315
