112.71599468320781
114.07094594594594
115.6070356070356
116.96942844483824
154.12455934195066
137.83214793741112
44.59168846265621
312.1219091431857
49.22901849217639
259.87794245858765
71.07507507507508
195.46866014951124
37.861086893344954
59.42567567567568
114.58309373202994
219.85775248933143
207.87482219061175
248.09103840682786
108.9776733254994
215.9089615931722
127.93172119487913
214.18056354226567
249.9273467015403
60.04068584713747
127.23492723492724
226.18618618618618
219.4594594594594
193.8125359401955
53.70531822144727
240.75559430398144
188.16561242093152
133.58558558558556
82.36636636636636
291.21334100057504
182.713963963964
173.63825363825367
141.48506401137982
165.52927927927928
265.96970596970596
64.77085781433608
182.7144535840188
151.9481981981982
101.9741480611046
291.539365452409
123.887291546866
261.16333725029375
201.98008534850655
177.75375375375378
111.23255123255127
100.16451233842538
