47.396129032258074
48.839999999999996
50.14231578947366
51.365274725274716
10.44283464566929
9.607500000000002
8.491428571428578
7.4700000000000015
6.48
5.47875
4.467401574803152
3.6502325581395345
2.52
1.42875
0.6299999999999999
0.46124999999999994
1.5300000000000002
2.41875
3.5437500000000006
4.558110236220474
5.419842519685041
6.4743307086614195
7.6762204724409475
8.513280000000004
9.501732283464568
10.73142857142857
11.543225806451614
12.436363636363637
13.5
14.515200000000005
15.488780487804878
16.577007874015752
17.67375
18.53858267716534
19.56375
20.6003305785124
21.622857142857143
22.668750000000003
23.59296
24.572160000000004
25.483278688524596
26.606250000000003
27.60991735537191
28.57322834645671
29.430000000000007
30.634838709677418
31.56571428571428
32.478750000000005
33.60384
34.61625
