5.287162162162161
3.758835758835758
2.3509223509223514
0.8408408408408408
140.6916594013368
169.8942420681551
57.808776518453946
125.90090090090091
162.9815078236131
123.81828637147784
74.61784365010172
151.04409672830727
293.4736842105264
192.07603207603208
56.67953667953669
137.36486486486487
317.5910693301998
164.62656204591693
243.6642958748221
128.95917193789535
143.36075205640424
205.32403371113045
141.7378668991572
295.43737285672773
89.47399011915141
230.93029871977245
91.54315605928511
321.8516388729155
273.49051178838414
130.94736842105266
112.78116826503926
203.14082503556193
21.885885885885884
46.312118570183095
179.87794245858763
322.3346751006325
17.934566145092457
16.874265569917743
15.886201991465157
14.918918918918921
13.894736842105257
12.892466935020124
11.880267364138328
10.92460881934566
9.80938833570412
8.844163312248416
7.886201991465151
6.805120910384068
5.871977240398292
4.756756756756756
