53.46920691182987
54.763513513513516
56.422136422136425
57.91505791505791
10.439189189189188
9.490753911806538
8.53113983548766
7.579447579447579
6.486486486486484
5.5192034139402555
4.49064449064449
3.470839260312943
2.511261261261261
1.4721104082806213
0.4954954954954955
0.5292792792792792
1.536273115220484
2.702702702702702
3.5504978662873383
4.551920341394025
5.603022377215925
6.53153153153153
7.544565842438184
8.567276954373726
9.50646298472385
10.594594594594591
11.44335825186889
12.467685076380727
13.559516963772278
14.611664295874823
15.60170697012803
16.56124209315699
17.504312823461756
18.578143360752055
19.550497866287333
20.50490050490051
21.553342816500713
22.60970648067422
23.572267920094003
24.67140825035563
25.652173913043477
26.562045916884625
27.65475152571926
28.61414606095456
29.66966966966967
30.677128741644875
31.700087183958154
32.646396396396405
33.61486486486487
34.62909718228867
