71.352
73.25999999999999
75.38399999999999
77.19749999999999
10.29375
9.292499999999999
8.303225806451614
7.36
6.311249999999999
5.307096774193548
4.274285714285715
3.279999999999999
2.251428571428571
1.3162499999999997
0.39374999999999993
0.6412499999999999
1.7325
2.7449999999999997
3.7828571428571425
4.635
5.6914285714285695
6.700645161290323
7.745806451612904
8.6625
9.668571428571433
10.62
11.677499999999998
12.656249999999996
13.691428571428569
14.681250000000002
15.748571428571433
16.65142857142857
17.69625
18.640000000000004
19.732499999999995
20.700000000000003
21.659016393442617
22.71999999999999
23.658749999999994
24.640000000000004
25.683749999999996
26.70857142857143
27.697499999999998
28.67625
29.624516129032255
30.841967213114756
31.645714285714295
32.605714285714285
33.614999999999995
34.59483870967742
