14.85405405405406
13.676712328767126
12.577699115044249
11.36073732718894
59.94885245901639
57.60000000000001
57.60000000000002
56.98771653543308
54.72000000000001
54.72000000000002
53.748292682926845
51.84
51.84
50.27112840466926
48.96
48.948525896414345
47.089133858267715
46.080000000000005
46.012235294117644
43.80144578313253
43.2
43.1196812749004
40.581818181818186
40.32
40.096653061224494
37.662439024390224
37.43999999999999
36.98823529411764
34.69935483870969
34.56000000000001
34.019999999999996
31.68
31.680000000000003
30.86857142857143
28.811803278688533
28.80000000000001
27.72705882352941
25.93120622568093
25.92
24.198750000000004
23.039999999999996
23.02870588235294
20.868750000000006
20.160000000000004
20.14861660079052
17.596097560975615
17.28000000000001
17.096414342629483
14.495206611570252
14.400000000000002
