64.91803278688525
63.90580645161292
62.761976047904184
61.9875
354.67342342342346
113.09423258745666
272.14265812203956
427.9157813405448
217.4467559725909
293.31081081081084
399.290261582099
239.497005988024
270.21088258266076
172.98423423423424
192.9689009078617
271.54940119760477
132.63218244362344
360.0117508813162
240.83072546230454
273.9370298133185
401.7025742329774
196.97882585344774
94.32141819238589
258.01592690906847
283.85622736138197
304.1978148361128
411.81387573140154
91.3456614509246
420.75450450450444
194.49324324324326
170.83333333333334
146.72610755084983
274.19206440483026
294.6469049694856
81.20524907631544
80.1382801407494
79.38701588186123
78.4445670159956
77.42380678550892
76.34859349145064
75.45045045045045
74.25898203592813
73.44376634699216
72.3502994011976
71.49476006618863
70.43918918918921
69.54171562867215
68.41034582970066
67.5062691557537
66.49229875036326
