37542.42253521127
42904.69859154929
42054.50704225353
35121.549295774654
326.25221094005906
84.7887323943662
53.53635325466312
132.54721152024254
409.5950704225353
363.9656286341905
262.68956202971253
61.70140845070422
56.71663005556273
359.6830985915493
101.91314553990611
104.30422535211268
306.5464788732394
167.95774647887325
250.8712000509847
83.62626463003373
222.91166352956444
122.57451686865382
193.5097068899886
346.710036000758
155.88601375696038
278.4468629961588
314.01570714610244
287.0197183098592
345.59230382293765
114.27952329360781
152.62657023220402
405.3070422535211
328.24071702944946
374.5405166424557
112.56566425580512
255.39346168755657
133.67690011033943
134.66995521516193
216.66305525460461
247.62910798122067
183.37649213667663
305.2213279678069
272.20403502093643
152.26813712463462
192.5024117306579
196.76249276480803
164.2929577464789
130.13329979879273
247.8337280319083
352.9552536457685
