1903.4147368421052
876.9378839590444
nan
4315.85
49.35599999999998
48.36774193548386
47.40387096774194
46.416000000000004
45.323999999999984
44.34967741935485
43.34399999999999
42.29419354838708
41.34000000000001
40.36645161290323
39.30967741935483
38.369032258064514
37.207741935483874
36.29032258064516
35.34967741935483
34.29290322580645
33.336
32.23125
31.3083870967742
30.296249999999997
29.310967741935475
28.28903225806452
27.325161290322587
26.2916129032258
25.402499999999996
24.36
23.29875
22.296774193548398
220.3548387096774
46.32
19.230967741935487
18.252000000000002
17.349677419354837
16.35096774193548
15.216000000000003
14.283870967741935
13.25032258064516
12.288
11.25
10.277419354838706
9.247499999999999
8.291612903225808
7.30125
6.2212499999999995
5.179354838709677
4.1850000000000005
