65.51801801801803
64.61711711711713
63.57454228421973
62.54667038172193
112.81935483870967
112.0520930232558
110.63808000000003
110.05884001120761
109.14976744186049
107.8258064516129
106.59540983606556
106.10232558139535
97.76483436476154
103.65658536585367
102.96576
101.83024390243901
100.46048780487801
99.94046511627907
98.81574803149607
97.67999999999999
96.89806451612903
95.85637795275592
94.66536585365854
94.20180722891565
93.00774193548386
91.78875000000001
90.56780487804878
89.94816000000002
88.78464000000001
87.44
86.91428571428573
85.75255813953487
84.35720930232557
83.78790697674418
82.83540983606558
81.61967213114754
80.775
79.43251384705084
78.52032000000003
77.58857142857141
76.87295999999996
75.58819672131146
74.32524590163933
73.87317073170732
72.74790697674418
71.34335999999998
71.01968851013811
69.7339534883721
68.55552000000002
67.88456150182122
