15.836965998256327
13.012686155543294
12.97297297297297
12.40508991481754
59.75823095823096
58.79943100995733
57.85855541953104
56.706256429439826
55.78602824277566
54.758279406166736
53.83553766532491
52.855792855792856
51.790891237258016
50.791910791910794
49.74495622382946
48.80521901211557
47.8814298169137
46.691322901849226
45.78696343402227
44.821846067520816
43.74220374220375
42.85714285714286
41.7454954954955
40.718174004393084
39.815986198964914
38.719153936545226
37.78319836081569
36.8487636572743
35.789473684210535
34.617843650101726
33.679833679833685
32.735434396334064
31.734234234234236
30.80499854693404
29.785373608903022
28.77252252252252
27.675675675675674
26.765173477976244
25.655172413793103
24.64864864864865
23.673391701560718
22.79503702991248
21.84318594212587
20.851063829787233
19.759546022891215
18.79734405685963
17.657657657657655
16.645635182220552
15.739610578320256
14.766854766854768
