67.12907002499762
66.66453265044812
88.04796332216543
64.79371806057583
170.86843373493977
139.4176518218623
275.723861003861
376.90135458167333
109.44000000000004
143.5026506024097
280.5571764705882
180.1849027237354
131.84639999999996
276.30070038910503
256.7298023715415
207.9382677165354
127.4484046692607
170.49374999999998
235.33714285714294
216.77837837837836
336.83673151750975
126.60837209302326
297.01161290322574
219.52494208494204
348.86168674698797
411.9344262295081
159.30352941176469
319.2412499999999
237.76874999999993
428.81385826771634
279.75374999999985
118.03517509727627
86.4
245.58236220472443
192.3264
91.21846153846155
164.5953488372093
126.63838056680162
99.56093023255815
261.06216867469874
201.81291828793778
257.84537549407116
177.3174193548387
343.5264
120.32639999999999
187.28964980544745
332.9044897959184
85.9336032388664
150.98253061224483
285.9428571428571
