105.09622462929856
107.66243794815226
107.8476066427874
108.42632955536183
48.34564668474704
49.36687552604508
50.27588141774992
51.392931392931395
52.33923578751164
53.26711870881482
54.27732079905993
55.42471042471043
56.3359206957823
57.308558558558566
58.322460391425906
59.35361935361936
60.409613766015156
61.406161406161395
62.388840453356586
63.27799227799229
64.31114040870139
65.3055843299746
66.29504504504506
67.35360360360362
68.37169324801835
69.41945555663969
70.30847101518481
71.35135135135135
72.36342725704428
73.39471339471339
74.38535309503052
75.34648835686897
76.36877295413879
77.38581787362274
78.38223938223935
79.30994824611845
80.38360941586745
81.35041616010473
82.49364346925321
83.39608574091334
84.43616029822927
85.32224532224534
86.38072855464162
87.3498233215548
88.45519203413943
89.40167753960858
90.37759781442092
91.40559244365474
92.43243243243245
93.41925555448688
