5.168842105263157
3.759157894736842
2.4555789473684206
1.1519999999999997
50.37695999999997
49.14000000000001
47.92975609756098
47.29935483870968
46.27125
44.92346456692914
44.30322580645161
43.25901639344263
41.95741935483872
41.188571428571414
40.37901639344262
39.034710743801654
37.87875
37.32661417322833
193.05599999999998
139.0611570247934
90.3304918032787
108.18141732283459
146.17756097560977
135.6099173553719
134.22375
211.76999999999998
136.65259842519689
161.33806451612898
26.111250000000002
158.3218604651163
243.56409448818897
202.03086614173228
21.84944881889764
21.155121951219513
20.30048780487805
18.937142857142845
18.21714285714286
17.314560000000007
16.065
14.853543307086621
14.32000000000001
13.155840000000001
11.925
11.216250000000002
10.173658536585364
8.946141732283468
8.14857142857143
7.289302325581397
5.90740157480315
5.1525
