284.15139013452915
230.77506976744183
447.59671232876696
207.88714285714283
47.172806324110674
49.70926829268294
49.47303643724697
50.32186046511628
52.447500000000005
52.44812749003984
53.3898795180723
55.302995951417024
55.15951807228917
56.77386454183268
58.52976377952756
58.524878048780515
60.143225806451625
61.324337349397595
61.521951219512204
63.48774193548388
63.985573770491804
64.44878048780487
66.64481927710843
67.08774193548388
67.29253012048193
69.79428571428572
69.8175
70.06829268292685
72.88875
72.98709677419356
73.26215139442229
75.825
75.92620408163265
76.29696
78.52721311475409
78.60433734939757
79.46234817813766
81.28885375494072
81.67266932270918
82.83375000000001
84.37375494071146
84.48373540856029
86.26500000000001
87.28186046511627
87.40856031128405
89.60647773279354
90.24777327935222
90.44329411764703
92.81927710843374
92.88000000000001
