40.83428571428572
42.02475336322869
43.11000000000001
44.30037735849056
11.161400778210117
8.88
8.58308300395257
7.785000000000002
5.916887159533074
5.726381322957198
4.668749999999999
2.947764705882353
2.7199999999999998
1.8708661417322832
0.0
0.08964980544747081
0.9825882352941177
2.8800000000000003
3.060705882352941
4.635
5.748750000000001
6.028949416342413
8.002622950819672
8.64
9.0225
10.782992125984252
11.566639676113361
11.944918032786887
14.187906976744188
14.433618677042803
15.06461538461539
17.1
17.327407407407414
18.09805447470817
19.98924901185771
20.32524590163934
21.526588235294117
23.04
23.185116279069767
24.568163265306126
25.90875
26.12329411764706
28.071595330739303
28.788661417322842
29.418750000000006
31.286250000000003
31.64429752066116
32.22144
34.36571428571428
34.604824902723735
