44.424
45.88524590163934
47.059200000000004
48.079687500000006
10.480263157894736
9.75974025974026
8.497402597402598
7.500000000000003
6.532075471698115
5.399999999999998
4.522499999999999
3.4537500000000008
2.6049689440993795
1.4869565217391307
0.6149068322981367
0.5478260869565218
1.4062500000000002
2.4037267080745344
3.4853503184713395
4.438509316770187
5.491139240506328
6.480000000000001
7.618867924528303
8.422641509433962
9.63116883116883
10.421656050955413
11.472151898734177
12.588749999999997
13.33125
14.537579617834398
15.237735849056605
16.548387096774192
17.38421052631579
18.67643312101911
19.48645161290323
20.55974025974026
21.52025316455696
22.379617834394907
23.489440993788822
24.361490683229814
25.686792452830183
26.44528301886792
27.7875
28.52129032258065
29.498684210526324
30.508280254777066
31.505732484076432
32.71153846153846
33.7863354037267
34.65
