16.85810810810811
15.207207207207208
13.722755013077593
12.275501307759372
174.92117117117118
108.60164512338424
394.2873399715503
100.64189189189192
403.63738738738743
137.89534215066132
386.63288288288294
305.1381051381051
125.56306306306307
65.14385353095031
299.06116642958744
396.6554054054055
45.40540540540541
311.9858989424207
48.42342342342342
352.5274725274726
177.759009009009
300.6981981981982
295.6981981981982
242.76020701552616
319.8930798930799
215.90896159317214
291.8693693693694
297.3883357041252
69.12018401380104
32.45619245619246
262.65669925244396
54.38406827880512
29.504504504504496
28.43713278495886
27.428252995263303
26.571834992887627
25.41121766928218
24.519364725550293
23.530764807360548
22.50208971858456
21.49774774774774
20.472972972972975
19.5045045045045
18.4971784971785
17.439857439857438
16.572742955721683
15.472246439988378
14.617117117117118
13.541963015647221
12.506401137980081
