65.29497239174655
64.22297297297297
63.09948116399729
62.10000000000001
110.45714285714287
109.45124999999999
108.49499999999999
107.52369230769233
106.81794357946664
105.42857142857143
104.47875
103.46953846153843
102.62322580645161
101.57806451612903
100.26270040564033
99.42699216950714
98.6625
97.55428571428568
96.36988318445076
95.5125
94.62375
95.01677419354836
92.68875
91.82769230769232
90.51096774193547
89.73
88.69714285714288
87.6825
86.79375000000002
85.71374999999999
84.71612903225808
83.71741935483871
82.92084168336675
81.83630769230768
80.80615384615385
80.04634268537075
78.99799599198398
77.95074019005752
77.98426229508196
75.93230769230769
74.86892307692307
73.686377245509
72.55167085184469
71.89714285714285
70.86375000000001
69.86250000000001
68.98707692307694
67.905
67.00400801603207
88.62399193548387
