67.16538461538464
66.57721518987344
64.87875
64.68311688311688
113.04478000520703
111.52852190356134
110.4561090584788
109.50206538794072
109.1099883404586
107.50171787572398
106.55909234163255
106.18640364567074
105.16369141487411
103.69760479041918
102.43430237969658
101.60555893560473
100.50324882150593
99.62200598802396
98.6086465811832
98.08376362593232
97.19605695509311
96.14064955474069
94.6132865159733
94.20770036668411
93.07905418465306
91.62787826409037
90.62048875222527
90.16149705203793
89.20781571883388
87.59020818466693
86.63868140008644
85.6549401197605
84.57563134600365
83.69546621043627
82.58910749928714
81.62485839132545
80.73727544910179
79.6452015754587
78.65350380320439
77.66092814371255
76.69232962646136
76.13933996856991
74.64071856287424
74.13945939197203
73.22071792323935
72.16736511262442
70.75933239903172
70.07458405048766
68.77229325133516
67.77302537781578
