nan
nan
9702.753157894738
54.907826086956526
29.724
30.600000000000005
31.727999999999998
32.516129032258064
33.61200000000001
34.618064516129024
35.55870967741935
36.534193548387094
37.5975
38.532000000000004
39.55500000000001
40.958709677419364
41.5125
42.445161290322574
43.362580645161295
45.01161290322581
45.38249999999999
46.428387096774195
47.37375
48.29625
49.33161290322581
50.307096774193546
51.41032258064516
52.23375
53.32645161290322
54.19741935483871
55.187999999999995
56.206451612903216
57.27483870967742
58.06799999999999
59.13290322580644
60.20129032258064
61.130322580645164
62.152258064516126
63.05806451612904
64.01032258064517
64.9974193548387
66.11225806451613
67.03875
67.95870967741935
68.94580645161291
69.90967741935485
70.97625000000001
71.94375
72.82799999999999
73.83599999999998
