34571.82286023836
54426.99909132213
34635.59539052496
32747.591549295772
38.028169014084504
37.10730752226362
36.092806841046276
35.125868332164934
33.99436619718309
33.08508585761141
32.077464788732385
31.064788732394366
30.105633802816897
29.06438631790744
28.180281690140845
27.061116700201207
26.11745947382408
24.98993963782696
24.061459667093466
22.885420631899496
22.040350209364288
21.023981728207076
20.052259256898854
18.99718309859154
18.015704848560386
17.03345070422535
16.010032799536948
15.139516343343075
14.145581453321698
13.04481434058899
12.027513920733707
11.038969241457714
10.039885329677176
9.017943276094925
8.07810499359795
7.071306764352934
6.002652687424997
5.047685214425566
3.9823008849557517
2.9971830985915484
1.9919517102615691
0.9983796584818647
0.16976861167002014
0.9983796584818647
2.0824949698189132
3.089788732394365
3.9888874531593226
5.036769288296147
6.086791016368481
7.082675424745784
