376.0103225806451
102.07499999999999
241.49557894736841
268.26725274725277
29.82688524590164
30.86857142857142
31.40352
32.9458064516129
33.95305785123968
34.468571428571444
35.59181102362206
36.7875
37.555199999999985
38.69268292682926
39.839999999999996
40.79213114754098
41.82857142857144
42.81917355371902
44.01
44.88000000000001
45.69677419354838
46.85184000000001
47.64878048780488
48.66048
49.90064516129031
50.833170731707305
51.69951219512194
52.83
53.7798347107438
54.708292682926846
55.94456692913385
56.8390243902439
57.6225
58.76571428571429
60.023414634146334
60.63999999999998
61.6839344262295
62.85375
63.836033057851246
64.69548387096773
65.73374999999999
66.93165354330708
67.69170731707315
68.76878048780488
69.85125
70.79624999999999
71.60516129032258
72.87344262295083
73.69674418604652
74.70439024390242
