nan
nan
61074.52667814114
8449.74526678141
55.897306503500914
54.811504080839484
53.920101458465446
52.751224678935515
51.836039811419596
50.84726000777302
49.85704475934826
48.8184998056743
47.81691985332633
46.77972760607648
45.78570968365441
44.83093664982511
43.77723660599846
42.99218853435721
41.75281772250292
40.8433734939759
39.77033132530121
38.7198795180723
37.83003672443786
36.743866658343215
35.81701807228915
34.82568572160983
33.80849714648065
32.74460479279756
31.746672554090708
30.804264177127358
29.756499682942298
28.83195941661382
27.72966867469879
26.8002536461636
25.754416630251583
24.695641203557678
23.6972891566265
22.79391249207355
21.75451807228916
20.737951807228914
19.83458156952133
18.761295180722893
17.740470077029425
16.706827309236946
15.782501734687441
14.769816106531389
13.644578313253014
12.674948498657844
11.760889712696939
10.707831325301205
