9.162477876106196
10.258407079646018
11.468571428571428
12.540269058295966
37.48482490272373
37.40625
36.503414634146324
34.56
34.5259842519685
33.287710843373496
31.680000000000003
31.54064516129032
30.471529411764713
28.80000000000001
28.709647058823535
26.860876494023906
25.92
25.681889763779527
23.698285714285717
23.04
22.65984
20.640000000000004
20.16
19.668571428571433
17.426823529411767
17.280000000000005
16.704
14.51294117647059
14.400000000000002
13.734501992031873
11.531206225680933
11.497051792828684
10.481860465116277
8.64
8.548207171314742
7.21748987854251
5.76
5.681556420233463
4.325603112840466
2.88
2.3533073929961086
0.7144186046511628
0.0
0.48564705882352943
2.1937499999999996
2.8799999999999994
3.4515175097276263
5.4362790697674415
5.771162790697675
6.174630350194553
