5.357142857142857
3.883464566929136
2.5734375000000003
1.7015625000000005
147.25384615384615
49.785093167701866
48.57750000000001
149.94580645161295
150.87375000000003
152.3920529801325
44.896815286624204
43.24499999999999
154.6470588235294
41.39999999999999
40.892307692307696
39.63552631578948
159.0276315789474
159.8582278481013
161.38509316770188
161.77358490566039
34.21139240506328
33.92307692307691
32.42249999999999
31.89411764705882
30.599999999999994
29.415789473684214
28.800000000000008
170.49554140127387
26.953548387096774
25.21139240506328
24.974999999999998
23.400000000000006
22.55225806451613
21.645
20.37375
19.7888198757764
18.21923076923077
17.92025316455696
16.25882352941176
15.851249999999999
14.400000000000007
175.90807453416153
174.55499999999995
173.5432258064516
10.799999999999999
171.2
8.873885350318472
169.18860759493677
168.92484076433126
5.388535031847132
